#name_of_spectrum_to_fit rv teff logg [Fe/H] Input_vmicroturb A(H) A(He) A(C) A(N) A(O) A(Na) A(Mg) A(Fe) oisorat
B566_clean.txt 0.0 5750.0 1.0 0.0 4.0 7.5 11.5 9.763 9.248 8.6 6.49 7.95 7.3 0.35
B566_clean.txt 0.0 5750.0 1.0 0.0 4.0 7.5 11.5 9.763 9.248 8.6 6.49 7.95 7.3 0.375
B566_clean.txt 0.0 5750.0 1.0 0.0 4.0 7.5 11.5 9.763 9.248 8.6 6.49 7.95 7.3 0.4
B566_clean.txt 0.0 5750.0 1.0 0.0 4.0 7.5 11.5 9.763 9.248 8.6 6.49 7.95 7.3 0.42500000000000004
B566_clean.txt 0.0 5750.0 1.0 0.0 4.0 7.5 11.5 9.763 9.248 8.6 6.49 7.95 7.3 0.45000000000000007
B566_clean.txt 0.0 5750.0 1.0 0.0 4.0 7.5 11.5 9.763 9.248 8.6 6.49 7.95 7.3 0.4750000000000001
B566_clean.txt 0.0 5750.0 1.0 0.0 4.0 7.5 11.5 9.763 9.248 8.6 6.49 7.95 7.3 0.5000000000000001
B566_clean.txt 0.0 5750.0 1.0 0.0 4.0 7.5 11.5 9.763 9.248 8.6 6.49 7.95 7.3 0.5250000000000001
B566_clean.txt 0.0 5750.0 1.0 0.0 4.0 7.5 11.5 9.763 9.248 8.6 6.49 7.95 7.3 0.5500000000000002
B566_clean.txt 0.0 5750.0 1.0 0.0 4.0 7.5 11.5 9.763 9.248 8.6 6.49 7.95 7.3 0.5750000000000002
B566_clean.txt 0.0 5750.0 1.0 0.0 4.0 7.5 11.5 9.763 9.248 8.6 6.49 7.95 7.3 0.6000000000000002
B566_clean.txt 0.0 5750.0 1.0 0.0 4.0 7.5 11.5 9.763 9.248 8.6 6.49 7.95 7.3 0.6250000000000002
B566_clean.txt 0.0 5750.0 1.0 0.0 4.0 7.5 11.5 9.763 9.248 8.6 6.49 7.95 7.3 0.6500000000000002
B566_clean.txt 0.0 5750.0 1.0 0.0 4.0 7.5 11.5 9.763 9.248 8.6 6.49 7.95 7.3 0.6750000000000003
B566_clean.txt 0.0 5750.0 1.0 0.0 4.0 7.5 11.5 9.763 9.248 8.6 6.49 7.95 7.3 0.7000000000000003
B566_clean.txt 0.0 5750.0 1.0 0.0 4.0 7.5 11.5 9.763 9.248 8.6 6.49 7.95 7.3 0.7250000000000003
B566_clean.txt 0.0 5750.0 1.0 0.0 4.0 7.5 11.5 9.763 9.248 8.6 6.49 7.95 7.3 0.7500000000000003
B566_clean.txt 0.0 5750.0 1.0 0.0 4.0 7.5 11.5 9.763 9.248 8.6 6.49 7.95 7.3 0.7750000000000004
B566_clean.txt 0.0 5750.0 1.0 0.0 4.0 7.5 11.5 9.763 9.248 8.6 6.49 7.95 7.3 0.8000000000000004
B566_clean.txt 0.0 5750.0 1.0 0.0 4.0 7.5 11.5 9.763 9.248 8.6 6.49 7.95 7.3 0.8250000000000004
B566_clean.txt 0.0 5750.0 1.0 0.0 4.0 7.5 11.5 9.763 9.248 8.6 6.49 7.95 7.3 0.8500000000000004
B566_clean.txt 0.0 5750.0 1.0 0.0 4.0 7.5 11.5 9.763 9.248 8.6 6.49 7.95 7.3 0.8750000000000004
B566_clean.txt 0.0 5750.0 1.0 0.0 4.0 7.5 11.5 9.763 9.248 8.6 6.49 7.95 7.3 0.9000000000000005
B566_clean.txt 0.0 5750.0 1.0 0.0 4.0 7.5 11.5 9.763 9.248 8.6 6.49 7.95 7.3 0.9250000000000005
B566_clean.txt 0.0 5750.0 1.0 0.0 4.0 7.5 11.5 9.763 9.248 8.6 6.49 7.95 7.3 0.9500000000000005
B566_clean.txt 0.0 5750.0 1.0 0.0 4.0 7.5 11.5 9.763 9.248 8.6 6.49 7.95 7.3 0.9750000000000005
