#name_of_spectrum_to_fit rv teff logg [Fe/H] Input_vmicroturb A(H) A(He) A(C) A(O) A(Fe) A(N) A(Mg) A(S) A(Si) A(Na) oisorat
HD182040.txt 0.0 5500.0 1.0 0.0 6.0 7.5 11.5 9.58 8.0 7.3 9.138 7.95 6.76 7.19 6.79 0.35
HD182040.txt 0.0 5500.0 1.0 0.0 6.0 7.5 11.5 9.58 8.0 7.3 9.138 7.95 6.76 7.19 6.79 0.35
HD182040.txt 0.0 5500.0 1.0 0.0 6.0 7.5 11.5 9.58 8.0 7.3 9.138 7.95 6.76 7.19 6.79 0.35
HD182040.txt 0.0 5500.0 1.0 0.0 6.0 7.5 11.5 9.58 8.0 7.3 9.138 7.95 6.76 7.19 6.79 0.35
HD182040.txt 0.0 5500.0 1.0 0.0 6.0 7.5 11.5 9.58 8.0 7.3 9.138 7.95 6.76 7.19 6.79 0.36
HD182040.txt 0.0 5500.0 1.0 0.0 6.0 7.5 11.5 9.58 8.0 7.3 9.138 7.95 6.76 7.19 6.79 0.36
HD182040.txt 0.0 5500.0 1.0 0.0 6.0 7.5 11.5 9.58 8.0 7.3 9.138 7.95 6.76 7.19 6.79 0.36
HD182040.txt 0.0 5500.0 1.0 0.0 6.0 7.5 11.5 9.58 8.0 7.3 9.138 7.95 6.76 7.19 6.79 0.36
HD182040.txt 0.0 5500.0 1.0 0.0 6.0 7.5 11.5 9.58 8.0 7.3 9.138 7.95 6.76 7.19 6.79 0.37
HD182040.txt 0.0 5500.0 1.0 0.0 6.0 7.5 11.5 9.58 8.0 7.3 9.138 7.95 6.76 7.19 6.79 0.37
HD182040.txt 0.0 5500.0 1.0 0.0 6.0 7.5 11.5 9.58 8.0 7.3 9.138 7.95 6.76 7.19 6.79 0.37
HD182040.txt 0.0 5500.0 1.0 0.0 6.0 7.5 11.5 9.58 8.0 7.3 9.138 7.95 6.76 7.19 6.79 0.37
HD182040.txt 0.0 5500.0 1.0 0.0 6.0 7.5 11.5 9.58 8.0 7.3 9.138 7.95 6.76 7.19 6.79 0.38
HD182040.txt 0.0 5500.0 1.0 0.0 6.0 7.5 11.5 9.58 8.0 7.3 9.138 7.95 6.76 7.19 6.79 0.38
HD182040.txt 0.0 5500.0 1.0 0.0 6.0 7.5 11.5 9.58 8.0 7.3 9.138 7.95 6.76 7.19 6.79 0.38
HD182040.txt 0.0 5500.0 1.0 0.0 6.0 7.5 11.5 9.58 8.0 7.3 9.138 7.95 6.76 7.19 6.79 0.38
HD182040.txt 0.0 5500.0 1.0 0.0 6.0 7.5 11.5 9.58 8.0 7.3 9.138 7.95 6.76 7.19 6.79 0.39
HD182040.txt 0.0 5500.0 1.0 0.0 6.0 7.5 11.5 9.58 8.0 7.3 9.138 7.95 6.76 7.19 6.79 0.39
HD182040.txt 0.0 5500.0 1.0 0.0 6.0 7.5 11.5 9.58 8.0 7.3 9.138 7.95 6.76 7.19 6.79 0.39
HD182040.txt 0.0 5500.0 1.0 0.0 6.0 7.5 11.5 9.58 8.0 7.3 9.138 7.95 6.76 7.19 6.79 0.39
HD182040.txt 0.0 5500.0 1.0 0.0 6.0 7.5 11.5 9.58 8.0 7.3 9.138 7.95 6.76 7.19 6.79 0.4
HD182040.txt 0.0 5500.0 1.0 0.0 6.0 7.5 11.5 9.58 8.0 7.3 9.138 7.95 6.76 7.19 6.79 0.4
HD182040.txt 0.0 5500.0 1.0 0.0 6.0 7.5 11.5 9.58 8.0 7.3 9.138 7.95 6.76 7.19 6.79 0.4
HD182040.txt 0.0 5500.0 1.0 0.0 6.0 7.5 11.5 9.58 8.0 7.3 9.138 7.95 6.76 7.19 6.79 0.4
HD182040.txt 0.0 5500.0 1.0 0.0 6.0 7.5 11.5 9.58 8.0 7.3 9.138 7.95 6.76 7.19 6.79 0.41000000000000003
HD182040.txt 0.0 5500.0 1.0 0.0 6.0 7.5 11.5 9.58 8.0 7.3 9.138 7.95 6.76 7.19 6.79 0.41000000000000003
HD182040.txt 0.0 5500.0 1.0 0.0 6.0 7.5 11.5 9.58 8.0 7.3 9.138 7.95 6.76 7.19 6.79 0.41000000000000003
HD182040.txt 0.0 5500.0 1.0 0.0 6.0 7.5 11.5 9.58 8.0 7.3 9.138 7.95 6.76 7.19 6.79 0.41000000000000003
HD182040.txt 0.0 5500.0 1.0 0.0 6.0 7.5 11.5 9.58 8.0 7.3 9.138 7.95 6.76 7.19 6.79 0.42000000000000004
HD182040.txt 0.0 5500.0 1.0 0.0 6.0 7.5 11.5 9.58 8.0 7.3 9.138 7.95 6.76 7.19 6.79 0.42000000000000004
HD182040.txt 0.0 5500.0 1.0 0.0 6.0 7.5 11.5 9.58 8.0 7.3 9.138 7.95 6.76 7.19 6.79 0.42000000000000004
HD182040.txt 0.0 5500.0 1.0 0.0 6.0 7.5 11.5 9.58 8.0 7.3 9.138 7.95 6.76 7.19 6.79 0.42000000000000004
HD182040.txt 0.0 5500.0 1.0 0.0 6.0 7.5 11.5 9.58 8.0 7.3 9.138 7.95 6.76 7.19 6.79 0.43000000000000005
HD182040.txt 0.0 5500.0 1.0 0.0 6.0 7.5 11.5 9.58 8.0 7.3 9.138 7.95 6.76 7.19 6.79 0.43000000000000005
HD182040.txt 0.0 5500.0 1.0 0.0 6.0 7.5 11.5 9.58 8.0 7.3 9.138 7.95 6.76 7.19 6.79 0.43000000000000005
HD182040.txt 0.0 5500.0 1.0 0.0 6.0 7.5 11.5 9.58 8.0 7.3 9.138 7.95 6.76 7.19 6.79 0.43000000000000005
HD182040.txt 0.0 5500.0 1.0 0.0 6.0 7.5 11.5 9.58 8.0 7.3 9.138 7.95 6.76 7.19 6.79 0.44000000000000006
HD182040.txt 0.0 5500.0 1.0 0.0 6.0 7.5 11.5 9.58 8.0 7.3 9.138 7.95 6.76 7.19 6.79 0.44000000000000006
HD182040.txt 0.0 5500.0 1.0 0.0 6.0 7.5 11.5 9.58 8.0 7.3 9.138 7.95 6.76 7.19 6.79 0.44000000000000006
HD182040.txt 0.0 5500.0 1.0 0.0 6.0 7.5 11.5 9.58 8.0 7.3 9.138 7.95 6.76 7.19 6.79 0.44000000000000006
HD182040.txt 0.0 5500.0 1.0 0.0 6.0 7.5 11.5 9.58 8.0 7.3 9.138 7.95 6.76 7.19 6.79 0.45000000000000007
HD182040.txt 0.0 5500.0 1.0 0.0 6.0 7.5 11.5 9.58 8.0 7.3 9.138 7.95 6.76 7.19 6.79 0.45000000000000007
HD182040.txt 0.0 5500.0 1.0 0.0 6.0 7.5 11.5 9.58 8.0 7.3 9.138 7.95 6.76 7.19 6.79 0.45000000000000007
HD182040.txt 0.0 5500.0 1.0 0.0 6.0 7.5 11.5 9.58 8.0 7.3 9.138 7.95 6.76 7.19 6.79 0.45000000000000007
HD182040.txt 0.0 5500.0 1.0 0.0 6.0 7.5 11.5 9.58 8.0 7.3 9.138 7.95 6.76 7.19 6.79 0.4600000000000001
HD182040.txt 0.0 5500.0 1.0 0.0 6.0 7.5 11.5 9.58 8.0 7.3 9.138 7.95 6.76 7.19 6.79 0.4600000000000001
HD182040.txt 0.0 5500.0 1.0 0.0 6.0 7.5 11.5 9.58 8.0 7.3 9.138 7.95 6.76 7.19 6.79 0.4600000000000001
HD182040.txt 0.0 5500.0 1.0 0.0 6.0 7.5 11.5 9.58 8.0 7.3 9.138 7.95 6.76 7.19 6.79 0.4600000000000001
HD182040.txt 0.0 5500.0 1.0 0.0 6.0 7.5 11.5 9.58 8.0 7.3 9.138 7.95 6.76 7.19 6.79 0.4700000000000001
HD182040.txt 0.0 5500.0 1.0 0.0 6.0 7.5 11.5 9.58 8.0 7.3 9.138 7.95 6.76 7.19 6.79 0.4700000000000001
HD182040.txt 0.0 5500.0 1.0 0.0 6.0 7.5 11.5 9.58 8.0 7.3 9.138 7.95 6.76 7.19 6.79 0.4700000000000001
HD182040.txt 0.0 5500.0 1.0 0.0 6.0 7.5 11.5 9.58 8.0 7.3 9.138 7.95 6.76 7.19 6.79 0.4700000000000001
HD182040.txt 0.0 5500.0 1.0 0.0 6.0 7.5 11.5 9.58 8.0 7.3 9.138 7.95 6.76 7.19 6.79 0.4800000000000001
HD182040.txt 0.0 5500.0 1.0 0.0 6.0 7.5 11.5 9.58 8.0 7.3 9.138 7.95 6.76 7.19 6.79 0.4800000000000001
HD182040.txt 0.0 5500.0 1.0 0.0 6.0 7.5 11.5 9.58 8.0 7.3 9.138 7.95 6.76 7.19 6.79 0.4800000000000001
HD182040.txt 0.0 5500.0 1.0 0.0 6.0 7.5 11.5 9.58 8.0 7.3 9.138 7.95 6.76 7.19 6.79 0.4800000000000001
HD182040.txt 0.0 5500.0 1.0 0.0 6.0 7.5 11.5 9.58 8.0 7.3 9.138 7.95 6.76 7.19 6.79 0.4900000000000001
HD182040.txt 0.0 5500.0 1.0 0.0 6.0 7.5 11.5 9.58 8.0 7.3 9.138 7.95 6.76 7.19 6.79 0.4900000000000001
HD182040.txt 0.0 5500.0 1.0 0.0 6.0 7.5 11.5 9.58 8.0 7.3 9.138 7.95 6.76 7.19 6.79 0.4900000000000001
HD182040.txt 0.0 5500.0 1.0 0.0 6.0 7.5 11.5 9.58 8.0 7.3 9.138 7.95 6.76 7.19 6.79 0.4900000000000001
HD182040.txt 0.0 5500.0 1.0 0.0 6.0 7.5 11.5 9.58 8.0 7.3 9.138 7.95 6.76 7.19 6.79 0.5000000000000001
HD182040.txt 0.0 5500.0 1.0 0.0 6.0 7.5 11.5 9.58 8.0 7.3 9.138 7.95 6.76 7.19 6.79 0.5000000000000001
HD182040.txt 0.0 5500.0 1.0 0.0 6.0 7.5 11.5 9.58 8.0 7.3 9.138 7.95 6.76 7.19 6.79 0.5000000000000001
HD182040.txt 0.0 5500.0 1.0 0.0 6.0 7.5 11.5 9.58 8.0 7.3 9.138 7.95 6.76 7.19 6.79 0.5000000000000001
HD182040.txt 0.0 5500.0 1.0 0.0 6.0 7.5 11.5 9.58 8.0 7.3 9.138 7.95 6.76 7.19 6.79 0.5100000000000001
HD182040.txt 0.0 5500.0 1.0 0.0 6.0 7.5 11.5 9.58 8.0 7.3 9.138 7.95 6.76 7.19 6.79 0.5100000000000001
HD182040.txt 0.0 5500.0 1.0 0.0 6.0 7.5 11.5 9.58 8.0 7.3 9.138 7.95 6.76 7.19 6.79 0.5100000000000001
HD182040.txt 0.0 5500.0 1.0 0.0 6.0 7.5 11.5 9.58 8.0 7.3 9.138 7.95 6.76 7.19 6.79 0.5100000000000001
HD182040.txt 0.0 5500.0 1.0 0.0 6.0 7.5 11.5 9.58 8.0 7.3 9.138 7.95 6.76 7.19 6.79 0.5200000000000001
HD182040.txt 0.0 5500.0 1.0 0.0 6.0 7.5 11.5 9.58 8.0 7.3 9.138 7.95 6.76 7.19 6.79 0.5200000000000001
HD182040.txt 0.0 5500.0 1.0 0.0 6.0 7.5 11.5 9.58 8.0 7.3 9.138 7.95 6.76 7.19 6.79 0.5200000000000001
HD182040.txt 0.0 5500.0 1.0 0.0 6.0 7.5 11.5 9.58 8.0 7.3 9.138 7.95 6.76 7.19 6.79 0.5200000000000001
HD182040.txt 0.0 5500.0 1.0 0.0 6.0 7.5 11.5 9.58 8.0 7.3 9.138 7.95 6.76 7.19 6.79 0.5300000000000001
HD182040.txt 0.0 5500.0 1.0 0.0 6.0 7.5 11.5 9.58 8.0 7.3 9.138 7.95 6.76 7.19 6.79 0.5300000000000001
HD182040.txt 0.0 5500.0 1.0 0.0 6.0 7.5 11.5 9.58 8.0 7.3 9.138 7.95 6.76 7.19 6.79 0.5300000000000001
HD182040.txt 0.0 5500.0 1.0 0.0 6.0 7.5 11.5 9.58 8.0 7.3 9.138 7.95 6.76 7.19 6.79 0.5300000000000001
HD182040.txt 0.0 5500.0 1.0 0.0 6.0 7.5 11.5 9.58 8.0 7.3 9.138 7.95 6.76 7.19 6.79 0.5400000000000001
HD182040.txt 0.0 5500.0 1.0 0.0 6.0 7.5 11.5 9.58 8.0 7.3 9.138 7.95 6.76 7.19 6.79 0.5400000000000001
HD182040.txt 0.0 5500.0 1.0 0.0 6.0 7.5 11.5 9.58 8.0 7.3 9.138 7.95 6.76 7.19 6.79 0.5400000000000001
HD182040.txt 0.0 5500.0 1.0 0.0 6.0 7.5 11.5 9.58 8.0 7.3 9.138 7.95 6.76 7.19 6.79 0.5400000000000001
HD182040.txt 0.0 5500.0 1.0 0.0 6.0 7.5 11.5 9.58 8.0 7.3 9.138 7.95 6.76 7.19 6.79 0.5500000000000002
HD182040.txt 0.0 5500.0 1.0 0.0 6.0 7.5 11.5 9.58 8.0 7.3 9.138 7.95 6.76 7.19 6.79 0.5500000000000002
HD182040.txt 0.0 5500.0 1.0 0.0 6.0 7.5 11.5 9.58 8.0 7.3 9.138 7.95 6.76 7.19 6.79 0.5500000000000002
HD182040.txt 0.0 5500.0 1.0 0.0 6.0 7.5 11.5 9.58 8.0 7.3 9.138 7.95 6.76 7.19 6.79 0.5500000000000002
HD182040.txt 0.0 5500.0 1.0 0.0 6.0 7.5 11.5 9.58 8.0 7.3 9.138 7.95 6.76 7.19 6.79 0.5600000000000002
HD182040.txt 0.0 5500.0 1.0 0.0 6.0 7.5 11.5 9.58 8.0 7.3 9.138 7.95 6.76 7.19 6.79 0.5600000000000002
HD182040.txt 0.0 5500.0 1.0 0.0 6.0 7.5 11.5 9.58 8.0 7.3 9.138 7.95 6.76 7.19 6.79 0.5600000000000002
HD182040.txt 0.0 5500.0 1.0 0.0 6.0 7.5 11.5 9.58 8.0 7.3 9.138 7.95 6.76 7.19 6.79 0.5600000000000002
HD182040.txt 0.0 5500.0 1.0 0.0 6.0 7.5 11.5 9.58 8.0 7.3 9.138 7.95 6.76 7.19 6.79 0.5700000000000002
HD182040.txt 0.0 5500.0 1.0 0.0 6.0 7.5 11.5 9.58 8.0 7.3 9.138 7.95 6.76 7.19 6.79 0.5700000000000002
HD182040.txt 0.0 5500.0 1.0 0.0 6.0 7.5 11.5 9.58 8.0 7.3 9.138 7.95 6.76 7.19 6.79 0.5700000000000002
HD182040.txt 0.0 5500.0 1.0 0.0 6.0 7.5 11.5 9.58 8.0 7.3 9.138 7.95 6.76 7.19 6.79 0.5700000000000002
HD182040.txt 0.0 5500.0 1.0 0.0 6.0 7.5 11.5 9.58 8.0 7.3 9.138 7.95 6.76 7.19 6.79 0.5800000000000002
HD182040.txt 0.0 5500.0 1.0 0.0 6.0 7.5 11.5 9.58 8.0 7.3 9.138 7.95 6.76 7.19 6.79 0.5800000000000002
HD182040.txt 0.0 5500.0 1.0 0.0 6.0 7.5 11.5 9.58 8.0 7.3 9.138 7.95 6.76 7.19 6.79 0.5800000000000002
HD182040.txt 0.0 5500.0 1.0 0.0 6.0 7.5 11.5 9.58 8.0 7.3 9.138 7.95 6.76 7.19 6.79 0.5800000000000002
HD182040.txt 0.0 5500.0 1.0 0.0 6.0 7.5 11.5 9.58 8.0 7.3 9.138 7.95 6.76 7.19 6.79 0.5900000000000002
HD182040.txt 0.0 5500.0 1.0 0.0 6.0 7.5 11.5 9.58 8.0 7.3 9.138 7.95 6.76 7.19 6.79 0.5900000000000002
HD182040.txt 0.0 5500.0 1.0 0.0 6.0 7.5 11.5 9.58 8.0 7.3 9.138 7.95 6.76 7.19 6.79 0.5900000000000002
HD182040.txt 0.0 5500.0 1.0 0.0 6.0 7.5 11.5 9.58 8.0 7.3 9.138 7.95 6.76 7.19 6.79 0.5900000000000002
HD182040.txt 0.0 5500.0 1.0 0.0 6.0 7.5 11.5 9.58 8.0 7.3 9.138 7.95 6.76 7.19 6.79 0.6000000000000002
HD182040.txt 0.0 5500.0 1.0 0.0 6.0 7.5 11.5 9.58 8.0 7.3 9.138 7.95 6.76 7.19 6.79 0.6000000000000002
HD182040.txt 0.0 5500.0 1.0 0.0 6.0 7.5 11.5 9.58 8.0 7.3 9.138 7.95 6.76 7.19 6.79 0.6000000000000002
HD182040.txt 0.0 5500.0 1.0 0.0 6.0 7.5 11.5 9.58 8.0 7.3 9.138 7.95 6.76 7.19 6.79 0.6000000000000002
HD182040.txt 0.0 5500.0 1.0 0.0 6.0 7.5 11.5 9.58 8.0 7.3 9.138 7.95 6.76 7.19 6.79 0.6100000000000002
HD182040.txt 0.0 5500.0 1.0 0.0 6.0 7.5 11.5 9.58 8.0 7.3 9.138 7.95 6.76 7.19 6.79 0.6100000000000002
HD182040.txt 0.0 5500.0 1.0 0.0 6.0 7.5 11.5 9.58 8.0 7.3 9.138 7.95 6.76 7.19 6.79 0.6100000000000002
HD182040.txt 0.0 5500.0 1.0 0.0 6.0 7.5 11.5 9.58 8.0 7.3 9.138 7.95 6.76 7.19 6.79 0.6100000000000002
HD182040.txt 0.0 5500.0 1.0 0.0 6.0 7.5 11.5 9.58 8.0 7.3 9.138 7.95 6.76 7.19 6.79 0.6200000000000002
HD182040.txt 0.0 5500.0 1.0 0.0 6.0 7.5 11.5 9.58 8.0 7.3 9.138 7.95 6.76 7.19 6.79 0.6200000000000002
HD182040.txt 0.0 5500.0 1.0 0.0 6.0 7.5 11.5 9.58 8.0 7.3 9.138 7.95 6.76 7.19 6.79 0.6200000000000002
HD182040.txt 0.0 5500.0 1.0 0.0 6.0 7.5 11.5 9.58 8.0 7.3 9.138 7.95 6.76 7.19 6.79 0.6200000000000002
HD182040.txt 0.0 5500.0 1.0 0.0 6.0 7.5 11.5 9.58 8.0 7.3 9.138 7.95 6.76 7.19 6.79 0.6300000000000002
HD182040.txt 0.0 5500.0 1.0 0.0 6.0 7.5 11.5 9.58 8.0 7.3 9.138 7.95 6.76 7.19 6.79 0.6300000000000002
HD182040.txt 0.0 5500.0 1.0 0.0 6.0 7.5 11.5 9.58 8.0 7.3 9.138 7.95 6.76 7.19 6.79 0.6300000000000002
HD182040.txt 0.0 5500.0 1.0 0.0 6.0 7.5 11.5 9.58 8.0 7.3 9.138 7.95 6.76 7.19 6.79 0.6300000000000002
HD182040.txt 0.0 5500.0 1.0 0.0 6.0 7.5 11.5 9.58 8.0 7.3 9.138 7.95 6.76 7.19 6.79 0.6400000000000002
HD182040.txt 0.0 5500.0 1.0 0.0 6.0 7.5 11.5 9.58 8.0 7.3 9.138 7.95 6.76 7.19 6.79 0.6400000000000002
HD182040.txt 0.0 5500.0 1.0 0.0 6.0 7.5 11.5 9.58 8.0 7.3 9.138 7.95 6.76 7.19 6.79 0.6400000000000002
HD182040.txt 0.0 5500.0 1.0 0.0 6.0 7.5 11.5 9.58 8.0 7.3 9.138 7.95 6.76 7.19 6.79 0.6400000000000002
HD182040.txt 0.0 5500.0 1.0 0.0 6.0 7.5 11.5 9.58 8.0 7.3 9.138 7.95 6.76 7.19 6.79 0.6500000000000002
HD182040.txt 0.0 5500.0 1.0 0.0 6.0 7.5 11.5 9.58 8.0 7.3 9.138 7.95 6.76 7.19 6.79 0.6500000000000002
HD182040.txt 0.0 5500.0 1.0 0.0 6.0 7.5 11.5 9.58 8.0 7.3 9.138 7.95 6.76 7.19 6.79 0.6500000000000002
HD182040.txt 0.0 5500.0 1.0 0.0 6.0 7.5 11.5 9.58 8.0 7.3 9.138 7.95 6.76 7.19 6.79 0.6500000000000002
HD182040.txt 0.0 5500.0 1.0 0.0 6.0 7.5 11.5 9.58 8.0 7.3 9.138 7.95 6.76 7.19 6.79 0.6600000000000003
HD182040.txt 0.0 5500.0 1.0 0.0 6.0 7.5 11.5 9.58 8.0 7.3 9.138 7.95 6.76 7.19 6.79 0.6600000000000003
HD182040.txt 0.0 5500.0 1.0 0.0 6.0 7.5 11.5 9.58 8.0 7.3 9.138 7.95 6.76 7.19 6.79 0.6600000000000003
HD182040.txt 0.0 5500.0 1.0 0.0 6.0 7.5 11.5 9.58 8.0 7.3 9.138 7.95 6.76 7.19 6.79 0.6600000000000003
HD182040.txt 0.0 5500.0 1.0 0.0 6.0 7.5 11.5 9.58 8.0 7.3 9.138 7.95 6.76 7.19 6.79 0.6700000000000003
HD182040.txt 0.0 5500.0 1.0 0.0 6.0 7.5 11.5 9.58 8.0 7.3 9.138 7.95 6.76 7.19 6.79 0.6700000000000003
HD182040.txt 0.0 5500.0 1.0 0.0 6.0 7.5 11.5 9.58 8.0 7.3 9.138 7.95 6.76 7.19 6.79 0.6700000000000003
HD182040.txt 0.0 5500.0 1.0 0.0 6.0 7.5 11.5 9.58 8.0 7.3 9.138 7.95 6.76 7.19 6.79 0.6700000000000003
HD182040.txt 0.0 5500.0 1.0 0.0 6.0 7.5 11.5 9.58 8.0 7.3 9.138 7.95 6.76 7.19 6.79 0.6800000000000003
HD182040.txt 0.0 5500.0 1.0 0.0 6.0 7.5 11.5 9.58 8.0 7.3 9.138 7.95 6.76 7.19 6.79 0.6800000000000003
HD182040.txt 0.0 5500.0 1.0 0.0 6.0 7.5 11.5 9.58 8.0 7.3 9.138 7.95 6.76 7.19 6.79 0.6800000000000003
HD182040.txt 0.0 5500.0 1.0 0.0 6.0 7.5 11.5 9.58 8.0 7.3 9.138 7.95 6.76 7.19 6.79 0.6800000000000003
HD182040.txt 0.0 5500.0 1.0 0.0 6.0 7.5 11.5 9.58 8.0 7.3 9.138 7.95 6.76 7.19 6.79 0.6900000000000003
HD182040.txt 0.0 5500.0 1.0 0.0 6.0 7.5 11.5 9.58 8.0 7.3 9.138 7.95 6.76 7.19 6.79 0.6900000000000003
HD182040.txt 0.0 5500.0 1.0 0.0 6.0 7.5 11.5 9.58 8.0 7.3 9.138 7.95 6.76 7.19 6.79 0.6900000000000003
HD182040.txt 0.0 5500.0 1.0 0.0 6.0 7.5 11.5 9.58 8.0 7.3 9.138 7.95 6.76 7.19 6.79 0.6900000000000003
