#name_of_spectrum_to_fit rv teff logg [Fe/H] Input_vmicroturb A(H) A(He) A(C) A(O) A(Fe) A(N) A(Mg) A(Na) A(S) oisorat
C38_clean.txt 0.0 5250.0 1.0 0.0 5.0 7.5 11.5 9.3 8.0 7.4 8.5 7.75 6.9 7.66 0.5
C38_clean.txt 0.0 5250.0 1.0 0.0 5.0 7.5 11.5 9.3 8.0 7.4 8.5 7.75 6.9 7.66 0.5
C38_clean.txt 0.0 5250.0 1.0 0.0 5.0 7.5 11.5 9.3 8.0 7.4 8.5 7.75 6.9 7.66 0.5
C38_clean.txt 0.0 5250.0 1.0 0.0 5.0 7.5 11.5 9.3 8.0 7.4 8.5 7.75 6.9 7.66 0.5
C38_clean.txt 0.0 5250.0 1.0 0.0 5.0 7.5 11.5 9.3 8.0 7.4 8.5 7.75 6.9 7.66 0.5
C38_clean.txt 0.0 5250.0 1.0 0.0 5.0 7.5 11.5 9.3 8.0 7.4 8.5 7.75 6.9 7.66 0.525
C38_clean.txt 0.0 5250.0 1.0 0.0 5.0 7.5 11.5 9.3 8.0 7.4 8.5 7.75 6.9 7.66 0.525
C38_clean.txt 0.0 5250.0 1.0 0.0 5.0 7.5 11.5 9.3 8.0 7.4 8.5 7.75 6.9 7.66 0.525
C38_clean.txt 0.0 5250.0 1.0 0.0 5.0 7.5 11.5 9.3 8.0 7.4 8.5 7.75 6.9 7.66 0.525
C38_clean.txt 0.0 5250.0 1.0 0.0 5.0 7.5 11.5 9.3 8.0 7.4 8.5 7.75 6.9 7.66 0.525
C38_clean.txt 0.0 5250.0 1.0 0.0 5.0 7.5 11.5 9.3 8.0 7.4 8.5 7.75 6.9 7.66 0.55
C38_clean.txt 0.0 5250.0 1.0 0.0 5.0 7.5 11.5 9.3 8.0 7.4 8.5 7.75 6.9 7.66 0.55
C38_clean.txt 0.0 5250.0 1.0 0.0 5.0 7.5 11.5 9.3 8.0 7.4 8.5 7.75 6.9 7.66 0.55
C38_clean.txt 0.0 5250.0 1.0 0.0 5.0 7.5 11.5 9.3 8.0 7.4 8.5 7.75 6.9 7.66 0.55
C38_clean.txt 0.0 5250.0 1.0 0.0 5.0 7.5 11.5 9.3 8.0 7.4 8.5 7.75 6.9 7.66 0.55
C38_clean.txt 0.0 5250.0 1.0 0.0 5.0 7.5 11.5 9.3 8.0 7.4 8.5 7.75 6.9 7.66 0.5750000000000001
C38_clean.txt 0.0 5250.0 1.0 0.0 5.0 7.5 11.5 9.3 8.0 7.4 8.5 7.75 6.9 7.66 0.5750000000000001
C38_clean.txt 0.0 5250.0 1.0 0.0 5.0 7.5 11.5 9.3 8.0 7.4 8.5 7.75 6.9 7.66 0.5750000000000001
C38_clean.txt 0.0 5250.0 1.0 0.0 5.0 7.5 11.5 9.3 8.0 7.4 8.5 7.75 6.9 7.66 0.5750000000000001
C38_clean.txt 0.0 5250.0 1.0 0.0 5.0 7.5 11.5 9.3 8.0 7.4 8.5 7.75 6.9 7.66 0.5750000000000001
C38_clean.txt 0.0 5250.0 1.0 0.0 5.0 7.5 11.5 9.3 8.0 7.4 8.5 7.75 6.9 7.66 0.6000000000000001
C38_clean.txt 0.0 5250.0 1.0 0.0 5.0 7.5 11.5 9.3 8.0 7.4 8.5 7.75 6.9 7.66 0.6000000000000001
C38_clean.txt 0.0 5250.0 1.0 0.0 5.0 7.5 11.5 9.3 8.0 7.4 8.5 7.75 6.9 7.66 0.6000000000000001
C38_clean.txt 0.0 5250.0 1.0 0.0 5.0 7.5 11.5 9.3 8.0 7.4 8.5 7.75 6.9 7.66 0.6000000000000001
C38_clean.txt 0.0 5250.0 1.0 0.0 5.0 7.5 11.5 9.3 8.0 7.4 8.5 7.75 6.9 7.66 0.6000000000000001
C38_clean.txt 0.0 5250.0 1.0 0.0 5.0 7.5 11.5 9.3 8.0 7.4 8.5 7.75 6.9 7.66 0.6250000000000001
C38_clean.txt 0.0 5250.0 1.0 0.0 5.0 7.5 11.5 9.3 8.0 7.4 8.5 7.75 6.9 7.66 0.6250000000000001
C38_clean.txt 0.0 5250.0 1.0 0.0 5.0 7.5 11.5 9.3 8.0 7.4 8.5 7.75 6.9 7.66 0.6250000000000001
C38_clean.txt 0.0 5250.0 1.0 0.0 5.0 7.5 11.5 9.3 8.0 7.4 8.5 7.75 6.9 7.66 0.6250000000000001
C38_clean.txt 0.0 5250.0 1.0 0.0 5.0 7.5 11.5 9.3 8.0 7.4 8.5 7.75 6.9 7.66 0.6250000000000001
C38_clean.txt 0.0 5250.0 1.0 0.0 5.0 7.5 11.5 9.3 8.0 7.4 8.5 7.75 6.9 7.66 0.6500000000000001
C38_clean.txt 0.0 5250.0 1.0 0.0 5.0 7.5 11.5 9.3 8.0 7.4 8.5 7.75 6.9 7.66 0.6500000000000001
C38_clean.txt 0.0 5250.0 1.0 0.0 5.0 7.5 11.5 9.3 8.0 7.4 8.5 7.75 6.9 7.66 0.6500000000000001
C38_clean.txt 0.0 5250.0 1.0 0.0 5.0 7.5 11.5 9.3 8.0 7.4 8.5 7.75 6.9 7.66 0.6500000000000001
C38_clean.txt 0.0 5250.0 1.0 0.0 5.0 7.5 11.5 9.3 8.0 7.4 8.5 7.75 6.9 7.66 0.6500000000000001
C38_clean.txt 0.0 5250.0 1.0 0.0 5.0 7.5 11.5 9.3 8.0 7.4 8.5 7.75 6.9 7.66 0.6750000000000002
C38_clean.txt 0.0 5250.0 1.0 0.0 5.0 7.5 11.5 9.3 8.0 7.4 8.5 7.75 6.9 7.66 0.6750000000000002
C38_clean.txt 0.0 5250.0 1.0 0.0 5.0 7.5 11.5 9.3 8.0 7.4 8.5 7.75 6.9 7.66 0.6750000000000002
C38_clean.txt 0.0 5250.0 1.0 0.0 5.0 7.5 11.5 9.3 8.0 7.4 8.5 7.75 6.9 7.66 0.6750000000000002
C38_clean.txt 0.0 5250.0 1.0 0.0 5.0 7.5 11.5 9.3 8.0 7.4 8.5 7.75 6.9 7.66 0.6750000000000002
C38_clean.txt 0.0 5250.0 1.0 0.0 5.0 7.5 11.5 9.3 8.0 7.4 8.5 7.75 6.9 7.66 0.7000000000000002
C38_clean.txt 0.0 5250.0 1.0 0.0 5.0 7.5 11.5 9.3 8.0 7.4 8.5 7.75 6.9 7.66 0.7000000000000002
C38_clean.txt 0.0 5250.0 1.0 0.0 5.0 7.5 11.5 9.3 8.0 7.4 8.5 7.75 6.9 7.66 0.7000000000000002
C38_clean.txt 0.0 5250.0 1.0 0.0 5.0 7.5 11.5 9.3 8.0 7.4 8.5 7.75 6.9 7.66 0.7000000000000002
C38_clean.txt 0.0 5250.0 1.0 0.0 5.0 7.5 11.5 9.3 8.0 7.4 8.5 7.75 6.9 7.66 0.7000000000000002
C38_clean.txt 0.0 5250.0 1.0 0.0 5.0 7.5 11.5 9.3 8.0 7.4 8.5 7.75 6.9 7.66 0.7250000000000002
C38_clean.txt 0.0 5250.0 1.0 0.0 5.0 7.5 11.5 9.3 8.0 7.4 8.5 7.75 6.9 7.66 0.7250000000000002
C38_clean.txt 0.0 5250.0 1.0 0.0 5.0 7.5 11.5 9.3 8.0 7.4 8.5 7.75 6.9 7.66 0.7250000000000002
C38_clean.txt 0.0 5250.0 1.0 0.0 5.0 7.5 11.5 9.3 8.0 7.4 8.5 7.75 6.9 7.66 0.7250000000000002
C38_clean.txt 0.0 5250.0 1.0 0.0 5.0 7.5 11.5 9.3 8.0 7.4 8.5 7.75 6.9 7.66 0.7250000000000002
C38_clean.txt 0.0 5250.0 1.0 0.0 5.0 7.5 11.5 9.3 8.0 7.4 8.5 7.75 6.9 7.66 0.7500000000000002
C38_clean.txt 0.0 5250.0 1.0 0.0 5.0 7.5 11.5 9.3 8.0 7.4 8.5 7.75 6.9 7.66 0.7500000000000002
C38_clean.txt 0.0 5250.0 1.0 0.0 5.0 7.5 11.5 9.3 8.0 7.4 8.5 7.75 6.9 7.66 0.7500000000000002
C38_clean.txt 0.0 5250.0 1.0 0.0 5.0 7.5 11.5 9.3 8.0 7.4 8.5 7.75 6.9 7.66 0.7500000000000002
C38_clean.txt 0.0 5250.0 1.0 0.0 5.0 7.5 11.5 9.3 8.0 7.4 8.5 7.75 6.9 7.66 0.7500000000000002
C38_clean.txt 0.0 5250.0 1.0 0.0 5.0 7.5 11.5 9.3 8.0 7.4 8.5 7.75 6.9 7.66 0.7750000000000002
C38_clean.txt 0.0 5250.0 1.0 0.0 5.0 7.5 11.5 9.3 8.0 7.4 8.5 7.75 6.9 7.66 0.7750000000000002
C38_clean.txt 0.0 5250.0 1.0 0.0 5.0 7.5 11.5 9.3 8.0 7.4 8.5 7.75 6.9 7.66 0.7750000000000002
C38_clean.txt 0.0 5250.0 1.0 0.0 5.0 7.5 11.5 9.3 8.0 7.4 8.5 7.75 6.9 7.66 0.7750000000000002
C38_clean.txt 0.0 5250.0 1.0 0.0 5.0 7.5 11.5 9.3 8.0 7.4 8.5 7.75 6.9 7.66 0.7750000000000002
C38_clean.txt 0.0 5250.0 1.0 0.0 5.0 7.5 11.5 9.3 8.0 7.4 8.5 7.75 6.9 7.66 0.8000000000000003
C38_clean.txt 0.0 5250.0 1.0 0.0 5.0 7.5 11.5 9.3 8.0 7.4 8.5 7.75 6.9 7.66 0.8000000000000003
C38_clean.txt 0.0 5250.0 1.0 0.0 5.0 7.5 11.5 9.3 8.0 7.4 8.5 7.75 6.9 7.66 0.8000000000000003
C38_clean.txt 0.0 5250.0 1.0 0.0 5.0 7.5 11.5 9.3 8.0 7.4 8.5 7.75 6.9 7.66 0.8000000000000003
C38_clean.txt 0.0 5250.0 1.0 0.0 5.0 7.5 11.5 9.3 8.0 7.4 8.5 7.75 6.9 7.66 0.8000000000000003
C38_clean.txt 0.0 5250.0 1.0 0.0 5.0 7.5 11.5 9.3 8.0 7.4 8.5 7.75 6.9 7.66 0.8250000000000003
C38_clean.txt 0.0 5250.0 1.0 0.0 5.0 7.5 11.5 9.3 8.0 7.4 8.5 7.75 6.9 7.66 0.8250000000000003
C38_clean.txt 0.0 5250.0 1.0 0.0 5.0 7.5 11.5 9.3 8.0 7.4 8.5 7.75 6.9 7.66 0.8250000000000003
C38_clean.txt 0.0 5250.0 1.0 0.0 5.0 7.5 11.5 9.3 8.0 7.4 8.5 7.75 6.9 7.66 0.8250000000000003
C38_clean.txt 0.0 5250.0 1.0 0.0 5.0 7.5 11.5 9.3 8.0 7.4 8.5 7.75 6.9 7.66 0.8250000000000003
C38_clean.txt 0.0 5250.0 1.0 0.0 5.0 7.5 11.5 9.3 8.0 7.4 8.5 7.75 6.9 7.66 0.8500000000000003
C38_clean.txt 0.0 5250.0 1.0 0.0 5.0 7.5 11.5 9.3 8.0 7.4 8.5 7.75 6.9 7.66 0.8500000000000003
C38_clean.txt 0.0 5250.0 1.0 0.0 5.0 7.5 11.5 9.3 8.0 7.4 8.5 7.75 6.9 7.66 0.8500000000000003
C38_clean.txt 0.0 5250.0 1.0 0.0 5.0 7.5 11.5 9.3 8.0 7.4 8.5 7.75 6.9 7.66 0.8500000000000003
C38_clean.txt 0.0 5250.0 1.0 0.0 5.0 7.5 11.5 9.3 8.0 7.4 8.5 7.75 6.9 7.66 0.8500000000000003
C38_clean.txt 0.0 5250.0 1.0 0.0 5.0 7.5 11.5 9.3 8.0 7.4 8.5 7.75 6.9 7.66 0.8750000000000003
C38_clean.txt 0.0 5250.0 1.0 0.0 5.0 7.5 11.5 9.3 8.0 7.4 8.5 7.75 6.9 7.66 0.8750000000000003
C38_clean.txt 0.0 5250.0 1.0 0.0 5.0 7.5 11.5 9.3 8.0 7.4 8.5 7.75 6.9 7.66 0.8750000000000003
C38_clean.txt 0.0 5250.0 1.0 0.0 5.0 7.5 11.5 9.3 8.0 7.4 8.5 7.75 6.9 7.66 0.8750000000000003
C38_clean.txt 0.0 5250.0 1.0 0.0 5.0 7.5 11.5 9.3 8.0 7.4 8.5 7.75 6.9 7.66 0.8750000000000003
