#name_of_spectrum_to_fit     rv      teff  logg  [Fe/H]  Input_vmicroturb  A(H)  A(He)  A(C)  A(O)  A(Na)  A(S)  A(Fe)  A(Mg)  A(Si)  A(N)  oisorat
ASAS-RCB-21.txt     0.000000000      5750.0  0.5  0.000  7.50000000000000  7.50  11.50  9.50  8.80  5.290  6.16  7.500  6.550  6.590  9.416  2.0
ASAS-RCB-21.txt     0.000000000      5750.0  0.5  0.000  7.50000000000000  7.50  11.50  9.50  8.80  5.290  6.16  7.500  6.550  6.590  9.416  2.0
ASAS-RCB-21.txt     0.000000000      5750.0  0.5  0.000  7.50000000000000  7.50  11.50  9.50  8.80  5.290  6.16  7.500  6.550  6.590  9.416  2.0
ASAS-RCB-21.txt     0.000000000      5750.0  0.5  0.000  7.50000000000000  7.50  11.50  9.50  8.80  5.290  6.16  7.500  6.550  6.590  9.416  2.0
ASAS-RCB-21.txt     0.000000000      5750.0  0.5  0.000  7.50000000000000  7.50  11.50  9.50  8.80  5.290  6.16  7.500  6.550  6.590  9.416  2.25
ASAS-RCB-21.txt     0.000000000      5750.0  0.5  0.000  7.50000000000000  7.50  11.50  9.50  8.80  5.290  6.16  7.500  6.550  6.590  9.416  2.25
ASAS-RCB-21.txt     0.000000000      5750.0  0.5  0.000  7.50000000000000  7.50  11.50  9.50  8.80  5.290  6.16  7.500  6.550  6.590  9.416  2.25
ASAS-RCB-21.txt     0.000000000      5750.0  0.5  0.000  7.50000000000000  7.50  11.50  9.50  8.80  5.290  6.16  7.500  6.550  6.590  9.416  2.25
ASAS-RCB-21.txt     0.000000000      5750.0  0.5  0.000  7.50000000000000  7.50  11.50  9.50  8.80  5.290  6.16  7.500  6.550  6.590  9.416  2.50
ASAS-RCB-21.txt     0.000000000      5750.0  0.5  0.000  7.50000000000000  7.50  11.50  9.50  8.80  5.290  6.16  7.500  6.550  6.590  9.416  2.50
ASAS-RCB-21.txt     0.000000000      5750.0  0.5  0.000  7.50000000000000  7.50  11.50  9.50  8.80  5.290  6.16  7.500  6.550  6.590  9.416  2.50
ASAS-RCB-21.txt     0.000000000      5750.0  0.5  0.000  7.50000000000000  7.50  11.50  9.50  8.80  5.290  6.16  7.500  6.550  6.590  9.416  2.50
ASAS-RCB-21.txt     0.000000000      5750.0  0.5  0.000  7.50000000000000  7.50  11.50  9.50  8.80  5.290  6.16  7.500  6.550  6.590  9.416  2.75
ASAS-RCB-21.txt     0.000000000      5750.0  0.5  0.000  7.50000000000000  7.50  11.50  9.50  8.80  5.290  6.16  7.500  6.550  6.590  9.416  2.75
ASAS-RCB-21.txt     0.000000000      5750.0  0.5  0.000  7.50000000000000  7.50  11.50  9.50  8.80  5.290  6.16  7.500  6.550  6.590  9.416  2.75
ASAS-RCB-21.txt     0.000000000      5750.0  0.5  0.000  7.50000000000000  7.50  11.50  9.50  8.80  5.290  6.16  7.500  6.550  6.590  9.416  2.75
ASAS-RCB-21.txt     0.000000000      5750.0  0.5  0.000  7.50000000000000  7.50  11.50  9.50  8.80  5.290  6.16  7.500  6.550  6.590  9.416  3.0
ASAS-RCB-21.txt     0.000000000      5750.0  0.5  0.000  7.50000000000000  7.50  11.50  9.50  8.80  5.290  6.16  7.500  6.550  6.590  9.416  3.0
ASAS-RCB-21.txt     0.000000000      5750.0  0.5  0.000  7.50000000000000  7.50  11.50  9.50  8.80  5.290  6.16  7.500  6.550  6.590  9.416  3.0
ASAS-RCB-21.txt     0.000000000      5750.0  0.5  0.000  7.50000000000000  7.50  11.50  9.50  8.80  5.290  6.16  7.500  6.550  6.590  9.416  3.0
ASAS-RCB-21.txt     0.000000000      5750.0  0.5  0.000  7.50000000000000  7.50  11.50  9.50  8.80  5.290  6.16  7.500  6.550  6.590  9.416  3.25
ASAS-RCB-21.txt     0.000000000      5750.0  0.5  0.000  7.50000000000000  7.50  11.50  9.50  8.80  5.290  6.16  7.500  6.550  6.590  9.416  3.25
ASAS-RCB-21.txt     0.000000000      5750.0  0.5  0.000  7.50000000000000  7.50  11.50  9.50  8.80  5.290  6.16  7.500  6.550  6.590  9.416  3.25
ASAS-RCB-21.txt     0.000000000      5750.0  0.5  0.000  7.50000000000000  7.50  11.50  9.50  8.80  5.290  6.16  7.500  6.550  6.590  9.416  3.25
ASAS-RCB-21.txt     0.000000000      5750.0  0.5  0.000  7.50000000000000  7.50  11.50  9.50  8.80  5.290  6.16  7.500  6.550  6.590  9.416  3.50
ASAS-RCB-21.txt     0.000000000      5750.0  0.5  0.000  7.50000000000000  7.50  11.50  9.50  8.80  5.290  6.16  7.500  6.550  6.590  9.416  3.50
ASAS-RCB-21.txt     0.000000000      5750.0  0.5  0.000  7.50000000000000  7.50  11.50  9.50  8.80  5.290  6.16  7.500  6.550  6.590  9.416  3.50
ASAS-RCB-21.txt     0.000000000      5750.0  0.5  0.000  7.50000000000000  7.50  11.50  9.50  8.80  5.290  6.16  7.500  6.550  6.590  9.416  3.50
ASAS-RCB-21.txt     0.000000000      5750.0  0.5  0.000  7.50000000000000  7.50  11.50  9.50  8.80  5.290  6.16  7.500  6.550  6.590  9.416  3.75
ASAS-RCB-21.txt     0.000000000      5750.0  0.5  0.000  7.50000000000000  7.50  11.50  9.50  8.80  5.290  6.16  7.500  6.550  6.590  9.416  3.75
ASAS-RCB-21.txt     0.000000000      5750.0  0.5  0.000  7.50000000000000  7.50  11.50  9.50  8.80  5.290  6.16  7.500  6.550  6.590  9.416  3.75
ASAS-RCB-21.txt     0.000000000      5750.0  0.5  0.000  7.50000000000000  7.50  11.50  9.50  8.80  5.290  6.16  7.500  6.550  6.590  9.416  3.75
ASAS-RCB-21.txt     0.000000000      5750.0  0.5  0.000  7.50000000000000  7.50  11.50  9.50  8.80  5.290  6.16  7.500  6.550  6.590  9.416  4.0
ASAS-RCB-21.txt     0.000000000      5750.0  0.5  0.000  7.50000000000000  7.50  11.50  9.50  8.80  5.290  6.16  7.500  6.550  6.590  9.416  4.0
ASAS-RCB-21.txt     0.000000000      5750.0  0.5  0.000  7.50000000000000  7.50  11.50  9.50  8.80  5.290  6.16  7.500  6.550  6.590  9.416  4.0
ASAS-RCB-21.txt     0.000000000      5750.0  0.5  0.000  7.50000000000000  7.50  11.50  9.50  8.80  5.290  6.16  7.500  6.550  6.590  9.416  4.0
ASAS-RCB-21.txt     0.000000000      5750.0  0.5  0.000  7.50000000000000  7.50  11.50  9.50  8.80  5.290  6.16  7.500  6.550  6.590  9.416  4.25
ASAS-RCB-21.txt     0.000000000      5750.0  0.5  0.000  7.50000000000000  7.50  11.50  9.50  8.80  5.290  6.16  7.500  6.550  6.590  9.416  4.25
ASAS-RCB-21.txt     0.000000000      5750.0  0.5  0.000  7.50000000000000  7.50  11.50  9.50  8.80  5.290  6.16  7.500  6.550  6.590  9.416  4.25
ASAS-RCB-21.txt     0.000000000      5750.0  0.5  0.000  7.50000000000000  7.50  11.50  9.50  8.80  5.290  6.16  7.500  6.550  6.590  9.416  4.25
ASAS-RCB-21.txt     0.000000000      5750.0  0.5  0.000  7.50000000000000  7.50  11.50  9.50  8.80  5.290  6.16  7.500  6.550  6.590  9.416  4.5
ASAS-RCB-21.txt     0.000000000      5750.0  0.5  0.000  7.50000000000000  7.50  11.50  9.50  8.80  5.290  6.16  7.500  6.550  6.590  9.416  4.5
ASAS-RCB-21.txt     0.000000000      5750.0  0.5  0.000  7.50000000000000  7.50  11.50  9.50  8.80  5.290  6.16  7.500  6.550  6.590  9.416  4.5
ASAS-RCB-21.txt     0.000000000      5750.0  0.5  0.000  7.50000000000000  7.50  11.50  9.50  8.80  5.290  6.16  7.500  6.550  6.590  9.416  4.5
ASAS-RCB-21.txt     0.000000000      5750.0  0.5  0.000  7.50000000000000  7.50  11.50  9.50  8.80  5.290  6.16  7.500  6.550  6.590  9.416  4.75
ASAS-RCB-21.txt     0.000000000      5750.0  0.5  0.000  7.50000000000000  7.50  11.50  9.50  8.80  5.290  6.16  7.500  6.550  6.590  9.416  4.75
ASAS-RCB-21.txt     0.000000000      5750.0  0.5  0.000  7.50000000000000  7.50  11.50  9.50  8.80  5.290  6.16  7.500  6.550  6.590  9.416  4.75
ASAS-RCB-21.txt     0.000000000      5750.0  0.5  0.000  7.50000000000000  7.50  11.50  9.50  8.80  5.290  6.16  7.500  6.550  6.590  9.416  4.75
ASAS-RCB-21.txt     0.000000000      5750.0  0.5  0.000  7.50000000000000  7.50  11.50  9.50  8.80  5.290  6.16  7.500  6.550  6.590  9.416  5.0
ASAS-RCB-21.txt     0.000000000      5750.0  0.5  0.000  7.50000000000000  7.50  11.50  9.50  8.80  5.290  6.16  7.500  6.550  6.590  9.416  5.0
ASAS-RCB-21.txt     0.000000000      5750.0  0.5  0.000  7.50000000000000  7.50  11.50  9.50  8.80  5.290  6.16  7.500  6.550  6.590  9.416  5.0
ASAS-RCB-21.txt     0.000000000      5750.0  0.5  0.000  7.50000000000000  7.50  11.50  9.50  8.80  5.290  6.16  7.500  6.550  6.590  9.416  5.0
ASAS-RCB-21.txt     0.000000000      5750.0  0.5  0.000  7.50000000000000  7.50  11.50  9.50  8.80  5.290  6.16  7.500  6.550  6.590  9.416  5.25
ASAS-RCB-21.txt     0.000000000      5750.0  0.5  0.000  7.50000000000000  7.50  11.50  9.50  8.80  5.290  6.16  7.500  6.550  6.590  9.416  5.25
ASAS-RCB-21.txt     0.000000000      5750.0  0.5  0.000  7.50000000000000  7.50  11.50  9.50  8.80  5.290  6.16  7.500  6.550  6.590  9.416  5.25
ASAS-RCB-21.txt     0.000000000      5750.0  0.5  0.000  7.50000000000000  7.50  11.50  9.50  8.80  5.290  6.16  7.500  6.550  6.590  9.416  5.25
ASAS-RCB-21.txt     0.000000000      5750.0  0.5  0.000  7.50000000000000  7.50  11.50  9.50  8.80  5.290  6.16  7.500  6.550  6.590  9.416  5.50
ASAS-RCB-21.txt     0.000000000      5750.0  0.5  0.000  7.50000000000000  7.50  11.50  9.50  8.80  5.290  6.16  7.500  6.550  6.590  9.416  5.50
ASAS-RCB-21.txt     0.000000000      5750.0  0.5  0.000  7.50000000000000  7.50  11.50  9.50  8.80  5.290  6.16  7.500  6.550  6.590  9.416  5.50
ASAS-RCB-21.txt     0.000000000      5750.0  0.5  0.000  7.50000000000000  7.50  11.50  9.50  8.80  5.290  6.16  7.500  6.550  6.590  9.416  5.50
ASAS-RCB-21.txt     0.000000000      5750.0  0.5  0.000  7.50000000000000  7.50  11.50  9.50  8.80  5.290  6.16  7.500  6.550  6.590  9.416  5.75
ASAS-RCB-21.txt     0.000000000      5750.0  0.5  0.000  7.50000000000000  7.50  11.50  9.50  8.80  5.290  6.16  7.500  6.550  6.590  9.416  5.75
ASAS-RCB-21.txt     0.000000000      5750.0  0.5  0.000  7.50000000000000  7.50  11.50  9.50  8.80  5.290  6.16  7.500  6.550  6.590  9.416  5.75
ASAS-RCB-21.txt     0.000000000      5750.0  0.5  0.000  7.50000000000000  7.50  11.50  9.50  8.80  5.290  6.16  7.500  6.550  6.590  9.416  5.75
ASAS-RCB-21.txt     0.000000000      5750.0  0.5  0.000  7.50000000000000  7.50  11.50  9.50  8.80  5.290  6.16  7.500  6.550  6.590  9.416  6.0
ASAS-RCB-21.txt     0.000000000      5750.0  0.5  0.000  7.50000000000000  7.50  11.50  9.50  8.80  5.290  6.16  7.500  6.550  6.590  9.416  6.0
ASAS-RCB-21.txt     0.000000000      5750.0  0.5  0.000  7.50000000000000  7.50  11.50  9.50  8.80  5.290  6.16  7.500  6.550  6.590  9.416  6.0
ASAS-RCB-21.txt     0.000000000      5750.0  0.5  0.000  7.50000000000000  7.50  11.50  9.50  8.80  5.290  6.16  7.500  6.550  6.590  9.416  6.0
ASAS-RCB-21.txt     0.000000000      5750.0  0.5  0.000  7.50000000000000  7.50  11.50  9.50  8.80  5.290  6.16  7.500  6.550  6.590  9.416  6.25
ASAS-RCB-21.txt     0.000000000      5750.0  0.5  0.000  7.50000000000000  7.50  11.50  9.50  8.80  5.290  6.16  7.500  6.550  6.590  9.416  6.25
ASAS-RCB-21.txt     0.000000000      5750.0  0.5  0.000  7.50000000000000  7.50  11.50  9.50  8.80  5.290  6.16  7.500  6.550  6.590  9.416  6.25
ASAS-RCB-21.txt     0.000000000      5750.0  0.5  0.000  7.50000000000000  7.50  11.50  9.50  8.80  5.290  6.16  7.500  6.550  6.590  9.416  6.25
ASAS-RCB-21.txt     0.000000000      5750.0  0.5  0.000  7.50000000000000  7.50  11.50  9.50  8.80  5.290  6.16  7.500  6.550  6.590  9.416  6.50
ASAS-RCB-21.txt     0.000000000      5750.0  0.5  0.000  7.50000000000000  7.50  11.50  9.50  8.80  5.290  6.16  7.500  6.550  6.590  9.416  6.50
ASAS-RCB-21.txt     0.000000000      5750.0  0.5  0.000  7.50000000000000  7.50  11.50  9.50  8.80  5.290  6.16  7.500  6.550  6.590  9.416  6.50
ASAS-RCB-21.txt     0.000000000      5750.0  0.5  0.000  7.50000000000000  7.50  11.50  9.50  8.80  5.290  6.16  7.500  6.550  6.590  9.416  6.50
ASAS-RCB-21.txt     0.000000000      5750.0  0.5  0.000  7.50000000000000  7.50  11.50  9.50  8.80  5.290  6.16  7.500  6.550  6.590  9.416  6.75
ASAS-RCB-21.txt     0.000000000      5750.0  0.5  0.000  7.50000000000000  7.50  11.50  9.50  8.80  5.290  6.16  7.500  6.550  6.590  9.416  6.75
ASAS-RCB-21.txt     0.000000000      5750.0  0.5  0.000  7.50000000000000  7.50  11.50  9.50  8.80  5.290  6.16  7.500  6.550  6.590  9.416  6.75
ASAS-RCB-21.txt     0.000000000      5750.0  0.5  0.000  7.50000000000000  7.50  11.50  9.50  8.80  5.290  6.16  7.500  6.550  6.590  9.416  6.75
ASAS-RCB-21.txt     0.000000000      5750.0  0.5  0.000  7.50000000000000  7.50  11.50  9.50  8.80  5.290  6.16  7.500  6.550  6.590  9.416  7.0
ASAS-RCB-21.txt     0.000000000      5750.0  0.5  0.000  7.50000000000000  7.50  11.50  9.50  8.80  5.290  6.16  7.500  6.550  6.590  9.416  7.0
ASAS-RCB-21.txt     0.000000000      5750.0  0.5  0.000  7.50000000000000  7.50  11.50  9.50  8.80  5.290  6.16  7.500  6.550  6.590  9.416  7.0
ASAS-RCB-21.txt     0.000000000      5750.0  0.5  0.000  7.50000000000000  7.50  11.50  9.50  8.80  5.290  6.16  7.500  6.550  6.590  9.416  7.0
ASAS-RCB-21.txt     0.000000000      5750.0  0.5  0.000  7.50000000000000  7.50  11.50  9.50  8.80  5.290  6.16  7.500  6.550  6.590  9.416  7.25
ASAS-RCB-21.txt     0.000000000      5750.0  0.5  0.000  7.50000000000000  7.50  11.50  9.50  8.80  5.290  6.16  7.500  6.550  6.590  9.416  7.25
ASAS-RCB-21.txt     0.000000000      5750.0  0.5  0.000  7.50000000000000  7.50  11.50  9.50  8.80  5.290  6.16  7.500  6.550  6.590  9.416  7.25
ASAS-RCB-21.txt     0.000000000      5750.0  0.5  0.000  7.50000000000000  7.50  11.50  9.50  8.80  5.290  6.16  7.500  6.550  6.590  9.416  7.25
ASAS-RCB-21.txt     0.000000000      5750.0  0.5  0.000  7.50000000000000  7.50  11.50  9.50  8.80  5.290  6.16  7.500  6.550  6.590  9.416  7.5
ASAS-RCB-21.txt     0.000000000      5750.0  0.5  0.000  7.50000000000000  7.50  11.50  9.50  8.80  5.290  6.16  7.500  6.550  6.590  9.416  7.5
ASAS-RCB-21.txt     0.000000000      5750.0  0.5  0.000  7.50000000000000  7.50  11.50  9.50  8.80  5.290  6.16  7.500  6.550  6.590  9.416  7.5
ASAS-RCB-21.txt     0.000000000      5750.0  0.5  0.000  7.50000000000000  7.50  11.50  9.50  8.80  5.290  6.16  7.500  6.550  6.590  9.416  7.5
ASAS-RCB-21.txt     0.000000000      5750.0  0.5  0.000  7.50000000000000  7.50  11.50  9.50  8.80  5.290  6.16  7.500  6.550  6.590  9.416  7.75
ASAS-RCB-21.txt     0.000000000      5750.0  0.5  0.000  7.50000000000000  7.50  11.50  9.50  8.80  5.290  6.16  7.500  6.550  6.590  9.416  7.75
ASAS-RCB-21.txt     0.000000000      5750.0  0.5  0.000  7.50000000000000  7.50  11.50  9.50  8.80  5.290  6.16  7.500  6.550  6.590  9.416  7.75
ASAS-RCB-21.txt     0.000000000      5750.0  0.5  0.000  7.50000000000000  7.50  11.50  9.50  8.80  5.290  6.16  7.500  6.550  6.590  9.416  7.75
ASAS-RCB-21.txt     0.000000000      5750.0  0.5  0.000  7.50000000000000  7.50  11.50  9.50  8.80  5.290  6.16  7.500  6.550  6.590  9.416  8.0
ASAS-RCB-21.txt     0.000000000      5750.0  0.5  0.000  7.50000000000000  7.50  11.50  9.50  8.80  5.290  6.16  7.500  6.550  6.590  9.416  8.0
ASAS-RCB-21.txt     0.000000000      5750.0  0.5  0.000  7.50000000000000  7.50  11.50  9.50  8.80  5.290  6.16  7.500  6.550  6.590  9.416  8.0
ASAS-RCB-21.txt     0.000000000      5750.0  0.5  0.000  7.50000000000000  7.50  11.50  9.50  8.80  5.290  6.16  7.500  6.550  6.590  9.416  8.0
