#name_of_spectrum_to_fit rv teff logg [Fe/H] Input_vmicroturb A(H) A(He) A(C) A(Ca) A(O) A(Na) A(S) A(Fe) A(N) A(Mg) A(Si) oisorat
ASAS-RCB-21.txt 0.0 5750.0 1.0 0.0 7.0 7.5 11.5 9.85 5.87 9.0 5.29 6.16 7.5 9.113 6.55 6.59 5.3
ASAS-RCB-21.txt 0.0 5750.0 1.0 0.0 7.0 7.5 11.5 9.85 5.87 9.0 5.29 6.16 7.5 9.113 6.55 6.59 5.3
ASAS-RCB-21.txt 0.0 5750.0 1.0 0.0 7.0 7.5 11.5 9.85 5.87 9.0 5.29 6.16 7.5 9.113 6.55 6.59 5.3
ASAS-RCB-21.txt 0.0 5750.0 1.0 0.0 7.0 7.5 11.5 9.85 5.87 9.0 5.29 6.16 7.5 9.113 6.55 6.59 5.3999999999999995
ASAS-RCB-21.txt 0.0 5750.0 1.0 0.0 7.0 7.5 11.5 9.85 5.87 9.0 5.29 6.16 7.5 9.113 6.55 6.59 5.3999999999999995
ASAS-RCB-21.txt 0.0 5750.0 1.0 0.0 7.0 7.5 11.5 9.85 5.87 9.0 5.29 6.16 7.5 9.113 6.55 6.59 5.3999999999999995
ASAS-RCB-21.txt 0.0 5750.0 1.0 0.0 7.0 7.5 11.5 9.85 5.87 9.0 5.29 6.16 7.5 9.113 6.55 6.59 5.499999999999999
ASAS-RCB-21.txt 0.0 5750.0 1.0 0.0 7.0 7.5 11.5 9.85 5.87 9.0 5.29 6.16 7.5 9.113 6.55 6.59 5.499999999999999
ASAS-RCB-21.txt 0.0 5750.0 1.0 0.0 7.0 7.5 11.5 9.85 5.87 9.0 5.29 6.16 7.5 9.113 6.55 6.59 5.499999999999999
ASAS-RCB-21.txt 0.0 5750.0 1.0 0.0 7.0 7.5 11.5 9.85 5.87 9.0 5.29 6.16 7.5 9.113 6.55 6.59 5.599999999999999
ASAS-RCB-21.txt 0.0 5750.0 1.0 0.0 7.0 7.5 11.5 9.85 5.87 9.0 5.29 6.16 7.5 9.113 6.55 6.59 5.599999999999999
ASAS-RCB-21.txt 0.0 5750.0 1.0 0.0 7.0 7.5 11.5 9.85 5.87 9.0 5.29 6.16 7.5 9.113 6.55 6.59 5.599999999999999
ASAS-RCB-21.txt 0.0 5750.0 1.0 0.0 7.0 7.5 11.5 9.85 5.87 9.0 5.29 6.16 7.5 9.113 6.55 6.59 5.699999999999998
ASAS-RCB-21.txt 0.0 5750.0 1.0 0.0 7.0 7.5 11.5 9.85 5.87 9.0 5.29 6.16 7.5 9.113 6.55 6.59 5.699999999999998
ASAS-RCB-21.txt 0.0 5750.0 1.0 0.0 7.0 7.5 11.5 9.85 5.87 9.0 5.29 6.16 7.5 9.113 6.55 6.59 5.699999999999998
ASAS-RCB-21.txt 0.0 5750.0 1.0 0.0 7.0 7.5 11.5 9.85 5.87 9.0 5.29 6.16 7.5 9.113 6.55 6.59 5.799999999999998
ASAS-RCB-21.txt 0.0 5750.0 1.0 0.0 7.0 7.5 11.5 9.85 5.87 9.0 5.29 6.16 7.5 9.113 6.55 6.59 5.799999999999998
ASAS-RCB-21.txt 0.0 5750.0 1.0 0.0 7.0 7.5 11.5 9.85 5.87 9.0 5.29 6.16 7.5 9.113 6.55 6.59 5.799999999999998
ASAS-RCB-21.txt 0.0 5750.0 1.0 0.0 7.0 7.5 11.5 9.85 5.87 9.0 5.29 6.16 7.5 9.113 6.55 6.59 5.899999999999998
ASAS-RCB-21.txt 0.0 5750.0 1.0 0.0 7.0 7.5 11.5 9.85 5.87 9.0 5.29 6.16 7.5 9.113 6.55 6.59 5.899999999999998
ASAS-RCB-21.txt 0.0 5750.0 1.0 0.0 7.0 7.5 11.5 9.85 5.87 9.0 5.29 6.16 7.5 9.113 6.55 6.59 5.899999999999998
ASAS-RCB-21.txt 0.0 5750.0 1.0 0.0 7.0 7.5 11.5 9.85 5.87 9.0 5.29 6.16 7.5 9.113 6.55 6.59 5.999999999999997
ASAS-RCB-21.txt 0.0 5750.0 1.0 0.0 7.0 7.5 11.5 9.85 5.87 9.0 5.29 6.16 7.5 9.113 6.55 6.59 5.999999999999997
ASAS-RCB-21.txt 0.0 5750.0 1.0 0.0 7.0 7.5 11.5 9.85 5.87 9.0 5.29 6.16 7.5 9.113 6.55 6.59 5.999999999999997
ASAS-RCB-21.txt 0.0 5750.0 1.0 0.0 7.0 7.5 11.5 9.85 5.87 9.0 5.29 6.16 7.5 9.113 6.55 6.59 6.099999999999997
ASAS-RCB-21.txt 0.0 5750.0 1.0 0.0 7.0 7.5 11.5 9.85 5.87 9.0 5.29 6.16 7.5 9.113 6.55 6.59 6.099999999999997
ASAS-RCB-21.txt 0.0 5750.0 1.0 0.0 7.0 7.5 11.5 9.85 5.87 9.0 5.29 6.16 7.5 9.113 6.55 6.59 6.099999999999997
ASAS-RCB-21.txt 0.0 5750.0 1.0 0.0 7.0 7.5 11.5 9.85 5.87 9.0 5.29 6.16 7.5 9.113 6.55 6.59 6.199999999999997
ASAS-RCB-21.txt 0.0 5750.0 1.0 0.0 7.0 7.5 11.5 9.85 5.87 9.0 5.29 6.16 7.5 9.113 6.55 6.59 6.199999999999997
ASAS-RCB-21.txt 0.0 5750.0 1.0 0.0 7.0 7.5 11.5 9.85 5.87 9.0 5.29 6.16 7.5 9.113 6.55 6.59 6.199999999999997
ASAS-RCB-21.txt 0.0 5750.0 1.0 0.0 7.0 7.5 11.5 9.85 5.87 9.0 5.29 6.16 7.5 9.113 6.55 6.59 6.299999999999996
ASAS-RCB-21.txt 0.0 5750.0 1.0 0.0 7.0 7.5 11.5 9.85 5.87 9.0 5.29 6.16 7.5 9.113 6.55 6.59 6.299999999999996
ASAS-RCB-21.txt 0.0 5750.0 1.0 0.0 7.0 7.5 11.5 9.85 5.87 9.0 5.29 6.16 7.5 9.113 6.55 6.59 6.299999999999996
ASAS-RCB-21.txt 0.0 5750.0 1.0 0.0 7.0 7.5 11.5 9.85 5.87 9.0 5.29 6.16 7.5 9.113 6.55 6.59 6.399999999999996
ASAS-RCB-21.txt 0.0 5750.0 1.0 0.0 7.0 7.5 11.5 9.85 5.87 9.0 5.29 6.16 7.5 9.113 6.55 6.59 6.399999999999996
ASAS-RCB-21.txt 0.0 5750.0 1.0 0.0 7.0 7.5 11.5 9.85 5.87 9.0 5.29 6.16 7.5 9.113 6.55 6.59 6.399999999999996
ASAS-RCB-21.txt 0.0 5750.0 1.0 0.0 7.0 7.5 11.5 9.85 5.87 9.0 5.29 6.16 7.5 9.113 6.55 6.59 6.499999999999996
ASAS-RCB-21.txt 0.0 5750.0 1.0 0.0 7.0 7.5 11.5 9.85 5.87 9.0 5.29 6.16 7.5 9.113 6.55 6.59 6.499999999999996
ASAS-RCB-21.txt 0.0 5750.0 1.0 0.0 7.0 7.5 11.5 9.85 5.87 9.0 5.29 6.16 7.5 9.113 6.55 6.59 6.499999999999996
ASAS-RCB-21.txt 0.0 5750.0 1.0 0.0 7.0 7.5 11.5 9.85 5.87 9.0 5.29 6.16 7.5 9.113 6.55 6.59 6.599999999999995
ASAS-RCB-21.txt 0.0 5750.0 1.0 0.0 7.0 7.5 11.5 9.85 5.87 9.0 5.29 6.16 7.5 9.113 6.55 6.59 6.599999999999995
ASAS-RCB-21.txt 0.0 5750.0 1.0 0.0 7.0 7.5 11.5 9.85 5.87 9.0 5.29 6.16 7.5 9.113 6.55 6.59 6.599999999999995
ASAS-RCB-21.txt 0.0 5750.0 1.0 0.0 7.0 7.5 11.5 9.85 5.87 9.0 5.29 6.16 7.5 9.113 6.55 6.59 6.699999999999995
ASAS-RCB-21.txt 0.0 5750.0 1.0 0.0 7.0 7.5 11.5 9.85 5.87 9.0 5.29 6.16 7.5 9.113 6.55 6.59 6.699999999999995
ASAS-RCB-21.txt 0.0 5750.0 1.0 0.0 7.0 7.5 11.5 9.85 5.87 9.0 5.29 6.16 7.5 9.113 6.55 6.59 6.699999999999995
ASAS-RCB-21.txt 0.0 5750.0 1.0 0.0 7.0 7.5 11.5 9.85 5.87 9.0 5.29 6.16 7.5 9.113 6.55 6.59 6.7999999999999945
ASAS-RCB-21.txt 0.0 5750.0 1.0 0.0 7.0 7.5 11.5 9.85 5.87 9.0 5.29 6.16 7.5 9.113 6.55 6.59 6.7999999999999945
ASAS-RCB-21.txt 0.0 5750.0 1.0 0.0 7.0 7.5 11.5 9.85 5.87 9.0 5.29 6.16 7.5 9.113 6.55 6.59 6.7999999999999945
ASAS-RCB-21.txt 0.0 5750.0 1.0 0.0 7.0 7.5 11.5 9.85 5.87 9.0 5.29 6.16 7.5 9.113 6.55 6.59 6.899999999999994
ASAS-RCB-21.txt 0.0 5750.0 1.0 0.0 7.0 7.5 11.5 9.85 5.87 9.0 5.29 6.16 7.5 9.113 6.55 6.59 6.899999999999994
ASAS-RCB-21.txt 0.0 5750.0 1.0 0.0 7.0 7.5 11.5 9.85 5.87 9.0 5.29 6.16 7.5 9.113 6.55 6.59 6.899999999999994
ASAS-RCB-21.txt 0.0 5750.0 1.0 0.0 7.0 7.5 11.5 9.85 5.87 9.0 5.29 6.16 7.5 9.113 6.55 6.59 6.999999999999994
ASAS-RCB-21.txt 0.0 5750.0 1.0 0.0 7.0 7.5 11.5 9.85 5.87 9.0 5.29 6.16 7.5 9.113 6.55 6.59 6.999999999999994
ASAS-RCB-21.txt 0.0 5750.0 1.0 0.0 7.0 7.5 11.5 9.85 5.87 9.0 5.29 6.16 7.5 9.113 6.55 6.59 6.999999999999994
ASAS-RCB-21.txt 0.0 5750.0 1.0 0.0 7.0 7.5 11.5 9.85 5.87 9.0 5.29 6.16 7.5 9.113 6.55 6.59 7.099999999999993
ASAS-RCB-21.txt 0.0 5750.0 1.0 0.0 7.0 7.5 11.5 9.85 5.87 9.0 5.29 6.16 7.5 9.113 6.55 6.59 7.099999999999993
ASAS-RCB-21.txt 0.0 5750.0 1.0 0.0 7.0 7.5 11.5 9.85 5.87 9.0 5.29 6.16 7.5 9.113 6.55 6.59 7.099999999999993
ASAS-RCB-21.txt 0.0 5750.0 1.0 0.0 7.0 7.5 11.5 9.85 5.87 9.0 5.29 6.16 7.5 9.113 6.55 6.59 7.199999999999993
ASAS-RCB-21.txt 0.0 5750.0 1.0 0.0 7.0 7.5 11.5 9.85 5.87 9.0 5.29 6.16 7.5 9.113 6.55 6.59 7.199999999999993
ASAS-RCB-21.txt 0.0 5750.0 1.0 0.0 7.0 7.5 11.5 9.85 5.87 9.0 5.29 6.16 7.5 9.113 6.55 6.59 7.199999999999993
ASAS-RCB-21.txt 0.0 5750.0 1.0 0.0 7.0 7.5 11.5 9.85 5.87 9.0 5.29 6.16 7.5 9.113 6.55 6.59 7.299999999999993
ASAS-RCB-21.txt 0.0 5750.0 1.0 0.0 7.0 7.5 11.5 9.85 5.87 9.0 5.29 6.16 7.5 9.113 6.55 6.59 7.299999999999993
ASAS-RCB-21.txt 0.0 5750.0 1.0 0.0 7.0 7.5 11.5 9.85 5.87 9.0 5.29 6.16 7.5 9.113 6.55 6.59 7.299999999999993
ASAS-RCB-21.txt 0.0 5750.0 1.0 0.0 7.0 7.5 11.5 9.85 5.87 9.0 5.29 6.16 7.5 9.113 6.55 6.59 7.399999999999992
ASAS-RCB-21.txt 0.0 5750.0 1.0 0.0 7.0 7.5 11.5 9.85 5.87 9.0 5.29 6.16 7.5 9.113 6.55 6.59 7.399999999999992
ASAS-RCB-21.txt 0.0 5750.0 1.0 0.0 7.0 7.5 11.5 9.85 5.87 9.0 5.29 6.16 7.5 9.113 6.55 6.59 7.399999999999992
ASAS-RCB-21.txt 0.0 5750.0 1.0 0.0 7.0 7.5 11.5 9.85 5.87 9.0 5.29 6.16 7.5 9.113 6.55 6.59 7.499999999999992
ASAS-RCB-21.txt 0.0 5750.0 1.0 0.0 7.0 7.5 11.5 9.85 5.87 9.0 5.29 6.16 7.5 9.113 6.55 6.59 7.499999999999992
ASAS-RCB-21.txt 0.0 5750.0 1.0 0.0 7.0 7.5 11.5 9.85 5.87 9.0 5.29 6.16 7.5 9.113 6.55 6.59 7.499999999999992
ASAS-RCB-21.txt 0.0 5750.0 1.0 0.0 7.0 7.5 11.5 9.85 5.87 9.0 5.29 6.16 7.5 9.113 6.55 6.59 7.599999999999992
ASAS-RCB-21.txt 0.0 5750.0 1.0 0.0 7.0 7.5 11.5 9.85 5.87 9.0 5.29 6.16 7.5 9.113 6.55 6.59 7.599999999999992
ASAS-RCB-21.txt 0.0 5750.0 1.0 0.0 7.0 7.5 11.5 9.85 5.87 9.0 5.29 6.16 7.5 9.113 6.55 6.59 7.599999999999992
ASAS-RCB-21.txt 0.0 5750.0 1.0 0.0 7.0 7.5 11.5 9.85 5.87 9.0 5.29 6.16 7.5 9.113 6.55 6.59 7.699999999999991
ASAS-RCB-21.txt 0.0 5750.0 1.0 0.0 7.0 7.5 11.5 9.85 5.87 9.0 5.29 6.16 7.5 9.113 6.55 6.59 7.699999999999991
ASAS-RCB-21.txt 0.0 5750.0 1.0 0.0 7.0 7.5 11.5 9.85 5.87 9.0 5.29 6.16 7.5 9.113 6.55 6.59 7.699999999999991
ASAS-RCB-21.txt 0.0 5750.0 1.0 0.0 7.0 7.5 11.5 9.85 5.87 9.0 5.29 6.16 7.5 9.113 6.55 6.59 7.799999999999991
ASAS-RCB-21.txt 0.0 5750.0 1.0 0.0 7.0 7.5 11.5 9.85 5.87 9.0 5.29 6.16 7.5 9.113 6.55 6.59 7.799999999999991
ASAS-RCB-21.txt 0.0 5750.0 1.0 0.0 7.0 7.5 11.5 9.85 5.87 9.0 5.29 6.16 7.5 9.113 6.55 6.59 7.799999999999991
ASAS-RCB-21.txt 0.0 5750.0 1.0 0.0 7.0 7.5 11.5 9.85 5.87 9.0 5.29 6.16 7.5 9.113 6.55 6.59 7.899999999999991
ASAS-RCB-21.txt 0.0 5750.0 1.0 0.0 7.0 7.5 11.5 9.85 5.87 9.0 5.29 6.16 7.5 9.113 6.55 6.59 7.899999999999991
ASAS-RCB-21.txt 0.0 5750.0 1.0 0.0 7.0 7.5 11.5 9.85 5.87 9.0 5.29 6.16 7.5 9.113 6.55 6.59 7.899999999999991
ASAS-RCB-21.txt 0.0 5750.0 1.0 0.0 7.0 7.5 11.5 9.85 5.87 9.0 5.29 6.16 7.5 9.113 6.55 6.59 7.99999999999999
ASAS-RCB-21.txt 0.0 5750.0 1.0 0.0 7.0 7.5 11.5 9.85 5.87 9.0 5.29 6.16 7.5 9.113 6.55 6.59 7.99999999999999
ASAS-RCB-21.txt 0.0 5750.0 1.0 0.0 7.0 7.5 11.5 9.85 5.87 9.0 5.29 6.16 7.5 9.113 6.55 6.59 7.99999999999999
ASAS-RCB-21.txt 0.0 5750.0 1.0 0.0 7.0 7.5 11.5 9.85 5.87 9.0 5.29 6.16 7.5 9.113 6.55 6.59 8.09999999999999
ASAS-RCB-21.txt 0.0 5750.0 1.0 0.0 7.0 7.5 11.5 9.85 5.87 9.0 5.29 6.16 7.5 9.113 6.55 6.59 8.09999999999999
ASAS-RCB-21.txt 0.0 5750.0 1.0 0.0 7.0 7.5 11.5 9.85 5.87 9.0 5.29 6.16 7.5 9.113 6.55 6.59 8.09999999999999
ASAS-RCB-21.txt 0.0 5750.0 1.0 0.0 7.0 7.5 11.5 9.85 5.87 9.0 5.29 6.16 7.5 9.113 6.55 6.59 8.199999999999989
ASAS-RCB-21.txt 0.0 5750.0 1.0 0.0 7.0 7.5 11.5 9.85 5.87 9.0 5.29 6.16 7.5 9.113 6.55 6.59 8.199999999999989
ASAS-RCB-21.txt 0.0 5750.0 1.0 0.0 7.0 7.5 11.5 9.85 5.87 9.0 5.29 6.16 7.5 9.113 6.55 6.59 8.199999999999989
ASAS-RCB-21.txt 0.0 5750.0 1.0 0.0 7.0 7.5 11.5 9.85 5.87 9.0 5.29 6.16 7.5 9.113 6.55 6.59 8.29999999999999
ASAS-RCB-21.txt 0.0 5750.0 1.0 0.0 7.0 7.5 11.5 9.85 5.87 9.0 5.29 6.16 7.5 9.113 6.55 6.59 8.29999999999999
ASAS-RCB-21.txt 0.0 5750.0 1.0 0.0 7.0 7.5 11.5 9.85 5.87 9.0 5.29 6.16 7.5 9.113 6.55 6.59 8.29999999999999
