#name_of_spectrum_to_fit rv teff logg [Fe/H] Input_vmicroturb A(H) A(He) A(C) A(O) A(Na) A(S) A(Fe) A(N) A(Ca) A(Si) A(Mg) A(Ti) A(Ni) oisorat
NSV11154_clean.txt 0.0 5250.0 1.0 0.0 6.0 7.5 11.5 8.65 7.4 5.49 6.16 6.6 7.915 5.37 6.59 6.55 3.94 5.24 4.0
NSV11154_clean.txt 0.0 5250.0 1.0 0.0 6.0 7.5 11.5 8.65 7.4 5.49 6.16 6.6 7.915 5.37 6.59 6.55 3.94 5.24 4.0
NSV11154_clean.txt 0.0 5250.0 1.0 0.0 6.0 7.5 11.5 8.65 7.4 5.49 6.16 6.6 7.915 5.37 6.59 6.55 3.94 5.24 4.0
NSV11154_clean.txt 0.0 5250.0 1.0 0.0 6.0 7.5 11.5 8.65 7.4 5.49 6.16 6.6 7.915 5.37 6.59 6.55 3.94 5.24 4.0
NSV11154_clean.txt 0.0 5250.0 1.0 0.0 6.0 7.5 11.5 8.65 7.4 5.49 6.16 6.6 7.915 5.37 6.59 6.55 3.94 5.24 5.2222
NSV11154_clean.txt 0.0 5250.0 1.0 0.0 6.0 7.5 11.5 8.65 7.4 5.49 6.16 6.6 7.915 5.37 6.59 6.55 3.94 5.24 5.2222
NSV11154_clean.txt 0.0 5250.0 1.0 0.0 6.0 7.5 11.5 8.65 7.4 5.49 6.16 6.6 7.915 5.37 6.59 6.55 3.94 5.24 5.2222
NSV11154_clean.txt 0.0 5250.0 1.0 0.0 6.0 7.5 11.5 8.65 7.4 5.49 6.16 6.6 7.915 5.37 6.59 6.55 3.94 5.24 5.2222
NSV11154_clean.txt 0.0 5250.0 1.0 0.0 6.0 7.5 11.5 8.65 7.4 5.49 6.16 6.6 7.915 5.37 6.59 6.55 3.94 5.24 6.4444
NSV11154_clean.txt 0.0 5250.0 1.0 0.0 6.0 7.5 11.5 8.65 7.4 5.49 6.16 6.6 7.915 5.37 6.59 6.55 3.94 5.24 6.4444
NSV11154_clean.txt 0.0 5250.0 1.0 0.0 6.0 7.5 11.5 8.65 7.4 5.49 6.16 6.6 7.915 5.37 6.59 6.55 3.94 5.24 6.4444
NSV11154_clean.txt 0.0 5250.0 1.0 0.0 6.0 7.5 11.5 8.65 7.4 5.49 6.16 6.6 7.915 5.37 6.59 6.55 3.94 5.24 6.4444
NSV11154_clean.txt 0.0 5250.0 1.0 0.0 6.0 7.5 11.5 8.65 7.4 5.49 6.16 6.6 7.915 5.37 6.59 6.55 3.94 5.24 7.6667
NSV11154_clean.txt 0.0 5250.0 1.0 0.0 6.0 7.5 11.5 8.65 7.4 5.49 6.16 6.6 7.915 5.37 6.59 6.55 3.94 5.24 7.6667
NSV11154_clean.txt 0.0 5250.0 1.0 0.0 6.0 7.5 11.5 8.65 7.4 5.49 6.16 6.6 7.915 5.37 6.59 6.55 3.94 5.24 7.6667
NSV11154_clean.txt 0.0 5250.0 1.0 0.0 6.0 7.5 11.5 8.65 7.4 5.49 6.16 6.6 7.915 5.37 6.59 6.55 3.94 5.24 7.6667
NSV11154_clean.txt 0.0 5250.0 1.0 0.0 6.0 7.5 11.5 8.65 7.4 5.49 6.16 6.6 7.915 5.37 6.59 6.55 3.94 5.24 8.8889
NSV11154_clean.txt 0.0 5250.0 1.0 0.0 6.0 7.5 11.5 8.65 7.4 5.49 6.16 6.6 7.915 5.37 6.59 6.55 3.94 5.24 8.8889
NSV11154_clean.txt 0.0 5250.0 1.0 0.0 6.0 7.5 11.5 8.65 7.4 5.49 6.16 6.6 7.915 5.37 6.59 6.55 3.94 5.24 8.8889
NSV11154_clean.txt 0.0 5250.0 1.0 0.0 6.0 7.5 11.5 8.65 7.4 5.49 6.16 6.6 7.915 5.37 6.59 6.55 3.94 5.24 8.8889
NSV11154_clean.txt 0.0 5250.0 1.0 0.0 6.0 7.5 11.5 8.65 7.4 5.49 6.16 6.6 7.915 5.37 6.59 6.55 3.94 5.24 10.1111
NSV11154_clean.txt 0.0 5250.0 1.0 0.0 6.0 7.5 11.5 8.65 7.4 5.49 6.16 6.6 7.915 5.37 6.59 6.55 3.94 5.24 10.1111
NSV11154_clean.txt 0.0 5250.0 1.0 0.0 6.0 7.5 11.5 8.65 7.4 5.49 6.16 6.6 7.915 5.37 6.59 6.55 3.94 5.24 10.1111
NSV11154_clean.txt 0.0 5250.0 1.0 0.0 6.0 7.5 11.5 8.65 7.4 5.49 6.16 6.6 7.915 5.37 6.59 6.55 3.94 5.24 10.1111
NSV11154_clean.txt 0.0 5250.0 1.0 0.0 6.0 7.5 11.5 8.65 7.4 5.49 6.16 6.6 7.915 5.37 6.59 6.55 3.94 5.24 11.3333
NSV11154_clean.txt 0.0 5250.0 1.0 0.0 6.0 7.5 11.5 8.65 7.4 5.49 6.16 6.6 7.915 5.37 6.59 6.55 3.94 5.24 11.3333
NSV11154_clean.txt 0.0 5250.0 1.0 0.0 6.0 7.5 11.5 8.65 7.4 5.49 6.16 6.6 7.915 5.37 6.59 6.55 3.94 5.24 11.3333
NSV11154_clean.txt 0.0 5250.0 1.0 0.0 6.0 7.5 11.5 8.65 7.4 5.49 6.16 6.6 7.915 5.37 6.59 6.55 3.94 5.24 11.3333
NSV11154_clean.txt 0.0 5250.0 1.0 0.0 6.0 7.5 11.5 8.65 7.4 5.49 6.16 6.6 7.915 5.37 6.59 6.55 3.94 5.24 12.5556
NSV11154_clean.txt 0.0 5250.0 1.0 0.0 6.0 7.5 11.5 8.65 7.4 5.49 6.16 6.6 7.915 5.37 6.59 6.55 3.94 5.24 12.5556
NSV11154_clean.txt 0.0 5250.0 1.0 0.0 6.0 7.5 11.5 8.65 7.4 5.49 6.16 6.6 7.915 5.37 6.59 6.55 3.94 5.24 12.5556
NSV11154_clean.txt 0.0 5250.0 1.0 0.0 6.0 7.5 11.5 8.65 7.4 5.49 6.16 6.6 7.915 5.37 6.59 6.55 3.94 5.24 12.5556
NSV11154_clean.txt 0.0 5250.0 1.0 0.0 6.0 7.5 11.5 8.65 7.4 5.49 6.16 6.6 7.915 5.37 6.59 6.55 3.94 5.24 13.7778
NSV11154_clean.txt 0.0 5250.0 1.0 0.0 6.0 7.5 11.5 8.65 7.4 5.49 6.16 6.6 7.915 5.37 6.59 6.55 3.94 5.24 13.7778
NSV11154_clean.txt 0.0 5250.0 1.0 0.0 6.0 7.5 11.5 8.65 7.4 5.49 6.16 6.6 7.915 5.37 6.59 6.55 3.94 5.24 13.7778
NSV11154_clean.txt 0.0 5250.0 1.0 0.0 6.0 7.5 11.5 8.65 7.4 5.49 6.16 6.6 7.915 5.37 6.59 6.55 3.94 5.24 13.7778
NSV11154_clean.txt 0.0 5250.0 1.0 0.0 6.0 7.5 11.5 8.65 7.4 5.49 6.16 6.6 7.915 5.37 6.59 6.55 3.94 5.24 15.0
NSV11154_clean.txt 0.0 5250.0 1.0 0.0 6.0 7.5 11.5 8.65 7.4 5.49 6.16 6.6 7.915 5.37 6.59 6.55 3.94 5.24 15.0
NSV11154_clean.txt 0.0 5250.0 1.0 0.0 6.0 7.5 11.5 8.65 7.4 5.49 6.16 6.6 7.915 5.37 6.59 6.55 3.94 5.24 15.0
NSV11154_clean.txt 0.0 5250.0 1.0 0.0 6.0 7.5 11.5 8.65 7.4 5.49 6.16 6.6 7.915 5.37 6.59 6.55 3.94 5.24 15.0
