#name_of_spectrum_to_fit rv teff logg [Fe/H] Input_vmicroturb A(H) A(He) A(C) A(O) A(Na) A(S) A(Fe) A(Mg) A(Si) A(N) oisorat
ASAS-RCB-21.txt 0.0 5750.0 0.5 0.0 7.5 7.5 11.5 9.5 8.8 5.29 6.16 7.5 6.55 6.59 9.416 3.7
ASAS-RCB-21.txt 0.0 5750.0 0.5 0.0 7.5 7.5 11.5 9.5 8.8 5.29 6.16 7.5 6.55 6.59 9.416 3.7
ASAS-RCB-21.txt 0.0 5750.0 0.5 0.0 7.5 7.5 11.5 9.5 8.8 5.29 6.16 7.5 6.55 6.59 9.416 3.7
ASAS-RCB-21.txt 0.0 5750.0 0.5 0.0 7.5 7.5 11.5 9.5 8.8 5.29 6.16 7.5 6.55 6.59 9.416 3.7
ASAS-RCB-21.txt 0.0 5750.0 0.5 0.0 7.5 7.5 11.5 9.5 8.8 5.29 6.16 7.5 6.55 6.59 9.416 3.7
ASAS-RCB-21.txt 0.0 5750.0 0.5 0.0 7.5 7.5 11.5 9.5 8.8 5.29 6.16 7.5 6.55 6.59 9.416 3.794736842105263
ASAS-RCB-21.txt 0.0 5750.0 0.5 0.0 7.5 7.5 11.5 9.5 8.8 5.29 6.16 7.5 6.55 6.59 9.416 3.794736842105263
ASAS-RCB-21.txt 0.0 5750.0 0.5 0.0 7.5 7.5 11.5 9.5 8.8 5.29 6.16 7.5 6.55 6.59 9.416 3.794736842105263
ASAS-RCB-21.txt 0.0 5750.0 0.5 0.0 7.5 7.5 11.5 9.5 8.8 5.29 6.16 7.5 6.55 6.59 9.416 3.794736842105263
ASAS-RCB-21.txt 0.0 5750.0 0.5 0.0 7.5 7.5 11.5 9.5 8.8 5.29 6.16 7.5 6.55 6.59 9.416 3.794736842105263
ASAS-RCB-21.txt 0.0 5750.0 0.5 0.0 7.5 7.5 11.5 9.5 8.8 5.29 6.16 7.5 6.55 6.59 9.416 3.8894736842105266
ASAS-RCB-21.txt 0.0 5750.0 0.5 0.0 7.5 7.5 11.5 9.5 8.8 5.29 6.16 7.5 6.55 6.59 9.416 3.8894736842105266
ASAS-RCB-21.txt 0.0 5750.0 0.5 0.0 7.5 7.5 11.5 9.5 8.8 5.29 6.16 7.5 6.55 6.59 9.416 3.8894736842105266
ASAS-RCB-21.txt 0.0 5750.0 0.5 0.0 7.5 7.5 11.5 9.5 8.8 5.29 6.16 7.5 6.55 6.59 9.416 3.8894736842105266
ASAS-RCB-21.txt 0.0 5750.0 0.5 0.0 7.5 7.5 11.5 9.5 8.8 5.29 6.16 7.5 6.55 6.59 9.416 3.8894736842105266
ASAS-RCB-21.txt 0.0 5750.0 0.5 0.0 7.5 7.5 11.5 9.5 8.8 5.29 6.16 7.5 6.55 6.59 9.416 3.9842105263157896
ASAS-RCB-21.txt 0.0 5750.0 0.5 0.0 7.5 7.5 11.5 9.5 8.8 5.29 6.16 7.5 6.55 6.59 9.416 3.9842105263157896
ASAS-RCB-21.txt 0.0 5750.0 0.5 0.0 7.5 7.5 11.5 9.5 8.8 5.29 6.16 7.5 6.55 6.59 9.416 3.9842105263157896
ASAS-RCB-21.txt 0.0 5750.0 0.5 0.0 7.5 7.5 11.5 9.5 8.8 5.29 6.16 7.5 6.55 6.59 9.416 3.9842105263157896
ASAS-RCB-21.txt 0.0 5750.0 0.5 0.0 7.5 7.5 11.5 9.5 8.8 5.29 6.16 7.5 6.55 6.59 9.416 3.9842105263157896
ASAS-RCB-21.txt 0.0 5750.0 0.5 0.0 7.5 7.5 11.5 9.5 8.8 5.29 6.16 7.5 6.55 6.59 9.416 4.078947368421053
ASAS-RCB-21.txt 0.0 5750.0 0.5 0.0 7.5 7.5 11.5 9.5 8.8 5.29 6.16 7.5 6.55 6.59 9.416 4.078947368421053
ASAS-RCB-21.txt 0.0 5750.0 0.5 0.0 7.5 7.5 11.5 9.5 8.8 5.29 6.16 7.5 6.55 6.59 9.416 4.078947368421053
ASAS-RCB-21.txt 0.0 5750.0 0.5 0.0 7.5 7.5 11.5 9.5 8.8 5.29 6.16 7.5 6.55 6.59 9.416 4.078947368421053
ASAS-RCB-21.txt 0.0 5750.0 0.5 0.0 7.5 7.5 11.5 9.5 8.8 5.29 6.16 7.5 6.55 6.59 9.416 4.078947368421053
ASAS-RCB-21.txt 0.0 5750.0 0.5 0.0 7.5 7.5 11.5 9.5 8.8 5.29 6.16 7.5 6.55 6.59 9.416 4.173684210526316
ASAS-RCB-21.txt 0.0 5750.0 0.5 0.0 7.5 7.5 11.5 9.5 8.8 5.29 6.16 7.5 6.55 6.59 9.416 4.173684210526316
ASAS-RCB-21.txt 0.0 5750.0 0.5 0.0 7.5 7.5 11.5 9.5 8.8 5.29 6.16 7.5 6.55 6.59 9.416 4.173684210526316
ASAS-RCB-21.txt 0.0 5750.0 0.5 0.0 7.5 7.5 11.5 9.5 8.8 5.29 6.16 7.5 6.55 6.59 9.416 4.173684210526316
ASAS-RCB-21.txt 0.0 5750.0 0.5 0.0 7.5 7.5 11.5 9.5 8.8 5.29 6.16 7.5 6.55 6.59 9.416 4.173684210526316
ASAS-RCB-21.txt 0.0 5750.0 0.5 0.0 7.5 7.5 11.5 9.5 8.8 5.29 6.16 7.5 6.55 6.59 9.416 4.268421052631579
ASAS-RCB-21.txt 0.0 5750.0 0.5 0.0 7.5 7.5 11.5 9.5 8.8 5.29 6.16 7.5 6.55 6.59 9.416 4.268421052631579
ASAS-RCB-21.txt 0.0 5750.0 0.5 0.0 7.5 7.5 11.5 9.5 8.8 5.29 6.16 7.5 6.55 6.59 9.416 4.268421052631579
ASAS-RCB-21.txt 0.0 5750.0 0.5 0.0 7.5 7.5 11.5 9.5 8.8 5.29 6.16 7.5 6.55 6.59 9.416 4.268421052631579
ASAS-RCB-21.txt 0.0 5750.0 0.5 0.0 7.5 7.5 11.5 9.5 8.8 5.29 6.16 7.5 6.55 6.59 9.416 4.268421052631579
ASAS-RCB-21.txt 0.0 5750.0 0.5 0.0 7.5 7.5 11.5 9.5 8.8 5.29 6.16 7.5 6.55 6.59 9.416 4.363157894736842
ASAS-RCB-21.txt 0.0 5750.0 0.5 0.0 7.5 7.5 11.5 9.5 8.8 5.29 6.16 7.5 6.55 6.59 9.416 4.363157894736842
ASAS-RCB-21.txt 0.0 5750.0 0.5 0.0 7.5 7.5 11.5 9.5 8.8 5.29 6.16 7.5 6.55 6.59 9.416 4.363157894736842
ASAS-RCB-21.txt 0.0 5750.0 0.5 0.0 7.5 7.5 11.5 9.5 8.8 5.29 6.16 7.5 6.55 6.59 9.416 4.363157894736842
ASAS-RCB-21.txt 0.0 5750.0 0.5 0.0 7.5 7.5 11.5 9.5 8.8 5.29 6.16 7.5 6.55 6.59 9.416 4.363157894736842
ASAS-RCB-21.txt 0.0 5750.0 0.5 0.0 7.5 7.5 11.5 9.5 8.8 5.29 6.16 7.5 6.55 6.59 9.416 4.457894736842105
ASAS-RCB-21.txt 0.0 5750.0 0.5 0.0 7.5 7.5 11.5 9.5 8.8 5.29 6.16 7.5 6.55 6.59 9.416 4.457894736842105
ASAS-RCB-21.txt 0.0 5750.0 0.5 0.0 7.5 7.5 11.5 9.5 8.8 5.29 6.16 7.5 6.55 6.59 9.416 4.457894736842105
ASAS-RCB-21.txt 0.0 5750.0 0.5 0.0 7.5 7.5 11.5 9.5 8.8 5.29 6.16 7.5 6.55 6.59 9.416 4.457894736842105
ASAS-RCB-21.txt 0.0 5750.0 0.5 0.0 7.5 7.5 11.5 9.5 8.8 5.29 6.16 7.5 6.55 6.59 9.416 4.457894736842105
ASAS-RCB-21.txt 0.0 5750.0 0.5 0.0 7.5 7.5 11.5 9.5 8.8 5.29 6.16 7.5 6.55 6.59 9.416 4.552631578947368
ASAS-RCB-21.txt 0.0 5750.0 0.5 0.0 7.5 7.5 11.5 9.5 8.8 5.29 6.16 7.5 6.55 6.59 9.416 4.552631578947368
ASAS-RCB-21.txt 0.0 5750.0 0.5 0.0 7.5 7.5 11.5 9.5 8.8 5.29 6.16 7.5 6.55 6.59 9.416 4.552631578947368
ASAS-RCB-21.txt 0.0 5750.0 0.5 0.0 7.5 7.5 11.5 9.5 8.8 5.29 6.16 7.5 6.55 6.59 9.416 4.552631578947368
ASAS-RCB-21.txt 0.0 5750.0 0.5 0.0 7.5 7.5 11.5 9.5 8.8 5.29 6.16 7.5 6.55 6.59 9.416 4.552631578947368
ASAS-RCB-21.txt 0.0 5750.0 0.5 0.0 7.5 7.5 11.5 9.5 8.8 5.29 6.16 7.5 6.55 6.59 9.416 4.647368421052631
ASAS-RCB-21.txt 0.0 5750.0 0.5 0.0 7.5 7.5 11.5 9.5 8.8 5.29 6.16 7.5 6.55 6.59 9.416 4.647368421052631
ASAS-RCB-21.txt 0.0 5750.0 0.5 0.0 7.5 7.5 11.5 9.5 8.8 5.29 6.16 7.5 6.55 6.59 9.416 4.647368421052631
ASAS-RCB-21.txt 0.0 5750.0 0.5 0.0 7.5 7.5 11.5 9.5 8.8 5.29 6.16 7.5 6.55 6.59 9.416 4.647368421052631
ASAS-RCB-21.txt 0.0 5750.0 0.5 0.0 7.5 7.5 11.5 9.5 8.8 5.29 6.16 7.5 6.55 6.59 9.416 4.647368421052631
ASAS-RCB-21.txt 0.0 5750.0 0.5 0.0 7.5 7.5 11.5 9.5 8.8 5.29 6.16 7.5 6.55 6.59 9.416 4.742105263157895
ASAS-RCB-21.txt 0.0 5750.0 0.5 0.0 7.5 7.5 11.5 9.5 8.8 5.29 6.16 7.5 6.55 6.59 9.416 4.742105263157895
ASAS-RCB-21.txt 0.0 5750.0 0.5 0.0 7.5 7.5 11.5 9.5 8.8 5.29 6.16 7.5 6.55 6.59 9.416 4.742105263157895
ASAS-RCB-21.txt 0.0 5750.0 0.5 0.0 7.5 7.5 11.5 9.5 8.8 5.29 6.16 7.5 6.55 6.59 9.416 4.742105263157895
ASAS-RCB-21.txt 0.0 5750.0 0.5 0.0 7.5 7.5 11.5 9.5 8.8 5.29 6.16 7.5 6.55 6.59 9.416 4.742105263157895
ASAS-RCB-21.txt 0.0 5750.0 0.5 0.0 7.5 7.5 11.5 9.5 8.8 5.29 6.16 7.5 6.55 6.59 9.416 4.836842105263158
ASAS-RCB-21.txt 0.0 5750.0 0.5 0.0 7.5 7.5 11.5 9.5 8.8 5.29 6.16 7.5 6.55 6.59 9.416 4.836842105263158
ASAS-RCB-21.txt 0.0 5750.0 0.5 0.0 7.5 7.5 11.5 9.5 8.8 5.29 6.16 7.5 6.55 6.59 9.416 4.836842105263158
ASAS-RCB-21.txt 0.0 5750.0 0.5 0.0 7.5 7.5 11.5 9.5 8.8 5.29 6.16 7.5 6.55 6.59 9.416 4.836842105263158
ASAS-RCB-21.txt 0.0 5750.0 0.5 0.0 7.5 7.5 11.5 9.5 8.8 5.29 6.16 7.5 6.55 6.59 9.416 4.836842105263158
ASAS-RCB-21.txt 0.0 5750.0 0.5 0.0 7.5 7.5 11.5 9.5 8.8 5.29 6.16 7.5 6.55 6.59 9.416 4.931578947368421
ASAS-RCB-21.txt 0.0 5750.0 0.5 0.0 7.5 7.5 11.5 9.5 8.8 5.29 6.16 7.5 6.55 6.59 9.416 4.931578947368421
ASAS-RCB-21.txt 0.0 5750.0 0.5 0.0 7.5 7.5 11.5 9.5 8.8 5.29 6.16 7.5 6.55 6.59 9.416 4.931578947368421
ASAS-RCB-21.txt 0.0 5750.0 0.5 0.0 7.5 7.5 11.5 9.5 8.8 5.29 6.16 7.5 6.55 6.59 9.416 4.931578947368421
ASAS-RCB-21.txt 0.0 5750.0 0.5 0.0 7.5 7.5 11.5 9.5 8.8 5.29 6.16 7.5 6.55 6.59 9.416 4.931578947368421
ASAS-RCB-21.txt 0.0 5750.0 0.5 0.0 7.5 7.5 11.5 9.5 8.8 5.29 6.16 7.5 6.55 6.59 9.416 5.026315789473684
ASAS-RCB-21.txt 0.0 5750.0 0.5 0.0 7.5 7.5 11.5 9.5 8.8 5.29 6.16 7.5 6.55 6.59 9.416 5.026315789473684
ASAS-RCB-21.txt 0.0 5750.0 0.5 0.0 7.5 7.5 11.5 9.5 8.8 5.29 6.16 7.5 6.55 6.59 9.416 5.026315789473684
ASAS-RCB-21.txt 0.0 5750.0 0.5 0.0 7.5 7.5 11.5 9.5 8.8 5.29 6.16 7.5 6.55 6.59 9.416 5.026315789473684
ASAS-RCB-21.txt 0.0 5750.0 0.5 0.0 7.5 7.5 11.5 9.5 8.8 5.29 6.16 7.5 6.55 6.59 9.416 5.026315789473684
ASAS-RCB-21.txt 0.0 5750.0 0.5 0.0 7.5 7.5 11.5 9.5 8.8 5.29 6.16 7.5 6.55 6.59 9.416 5.121052631578947
ASAS-RCB-21.txt 0.0 5750.0 0.5 0.0 7.5 7.5 11.5 9.5 8.8 5.29 6.16 7.5 6.55 6.59 9.416 5.121052631578947
ASAS-RCB-21.txt 0.0 5750.0 0.5 0.0 7.5 7.5 11.5 9.5 8.8 5.29 6.16 7.5 6.55 6.59 9.416 5.121052631578947
ASAS-RCB-21.txt 0.0 5750.0 0.5 0.0 7.5 7.5 11.5 9.5 8.8 5.29 6.16 7.5 6.55 6.59 9.416 5.121052631578947
ASAS-RCB-21.txt 0.0 5750.0 0.5 0.0 7.5 7.5 11.5 9.5 8.8 5.29 6.16 7.5 6.55 6.59 9.416 5.121052631578947
ASAS-RCB-21.txt 0.0 5750.0 0.5 0.0 7.5 7.5 11.5 9.5 8.8 5.29 6.16 7.5 6.55 6.59 9.416 5.215789473684211
ASAS-RCB-21.txt 0.0 5750.0 0.5 0.0 7.5 7.5 11.5 9.5 8.8 5.29 6.16 7.5 6.55 6.59 9.416 5.215789473684211
ASAS-RCB-21.txt 0.0 5750.0 0.5 0.0 7.5 7.5 11.5 9.5 8.8 5.29 6.16 7.5 6.55 6.59 9.416 5.215789473684211
ASAS-RCB-21.txt 0.0 5750.0 0.5 0.0 7.5 7.5 11.5 9.5 8.8 5.29 6.16 7.5 6.55 6.59 9.416 5.215789473684211
ASAS-RCB-21.txt 0.0 5750.0 0.5 0.0 7.5 7.5 11.5 9.5 8.8 5.29 6.16 7.5 6.55 6.59 9.416 5.215789473684211
ASAS-RCB-21.txt 0.0 5750.0 0.5 0.0 7.5 7.5 11.5 9.5 8.8 5.29 6.16 7.5 6.55 6.59 9.416 5.310526315789474
ASAS-RCB-21.txt 0.0 5750.0 0.5 0.0 7.5 7.5 11.5 9.5 8.8 5.29 6.16 7.5 6.55 6.59 9.416 5.310526315789474
ASAS-RCB-21.txt 0.0 5750.0 0.5 0.0 7.5 7.5 11.5 9.5 8.8 5.29 6.16 7.5 6.55 6.59 9.416 5.310526315789474
ASAS-RCB-21.txt 0.0 5750.0 0.5 0.0 7.5 7.5 11.5 9.5 8.8 5.29 6.16 7.5 6.55 6.59 9.416 5.310526315789474
ASAS-RCB-21.txt 0.0 5750.0 0.5 0.0 7.5 7.5 11.5 9.5 8.8 5.29 6.16 7.5 6.55 6.59 9.416 5.310526315789474
ASAS-RCB-21.txt 0.0 5750.0 0.5 0.0 7.5 7.5 11.5 9.5 8.8 5.29 6.16 7.5 6.55 6.59 9.416 5.405263157894737
ASAS-RCB-21.txt 0.0 5750.0 0.5 0.0 7.5 7.5 11.5 9.5 8.8 5.29 6.16 7.5 6.55 6.59 9.416 5.405263157894737
ASAS-RCB-21.txt 0.0 5750.0 0.5 0.0 7.5 7.5 11.5 9.5 8.8 5.29 6.16 7.5 6.55 6.59 9.416 5.405263157894737
ASAS-RCB-21.txt 0.0 5750.0 0.5 0.0 7.5 7.5 11.5 9.5 8.8 5.29 6.16 7.5 6.55 6.59 9.416 5.405263157894737
ASAS-RCB-21.txt 0.0 5750.0 0.5 0.0 7.5 7.5 11.5 9.5 8.8 5.29 6.16 7.5 6.55 6.59 9.416 5.405263157894737
ASAS-RCB-21.txt 0.0 5750.0 0.5 0.0 7.5 7.5 11.5 9.5 8.8 5.29 6.16 7.5 6.55 6.59 9.416 5.5
ASAS-RCB-21.txt 0.0 5750.0 0.5 0.0 7.5 7.5 11.5 9.5 8.8 5.29 6.16 7.5 6.55 6.59 9.416 5.5
ASAS-RCB-21.txt 0.0 5750.0 0.5 0.0 7.5 7.5 11.5 9.5 8.8 5.29 6.16 7.5 6.55 6.59 9.416 5.5
ASAS-RCB-21.txt 0.0 5750.0 0.5 0.0 7.5 7.5 11.5 9.5 8.8 5.29 6.16 7.5 6.55 6.59 9.416 5.5
ASAS-RCB-21.txt 0.0 5750.0 0.5 0.0 7.5 7.5 11.5 9.5 8.8 5.29 6.16 7.5 6.55 6.59 9.416 5.5
ASAS-RCB-21.txt 0.0 5750.0 0.5 0.0 7.5 7.5 11.5 9.5 8.8 5.29 6.16 7.5 6.55 6.59 9.416 5.594736842105263
ASAS-RCB-21.txt 0.0 5750.0 0.5 0.0 7.5 7.5 11.5 9.5 8.8 5.29 6.16 7.5 6.55 6.59 9.416 5.594736842105263
ASAS-RCB-21.txt 0.0 5750.0 0.5 0.0 7.5 7.5 11.5 9.5 8.8 5.29 6.16 7.5 6.55 6.59 9.416 5.594736842105263
ASAS-RCB-21.txt 0.0 5750.0 0.5 0.0 7.5 7.5 11.5 9.5 8.8 5.29 6.16 7.5 6.55 6.59 9.416 5.594736842105263
ASAS-RCB-21.txt 0.0 5750.0 0.5 0.0 7.5 7.5 11.5 9.5 8.8 5.29 6.16 7.5 6.55 6.59 9.416 5.594736842105263
ASAS-RCB-21.txt 0.0 5750.0 0.5 0.0 7.5 7.5 11.5 9.5 8.8 5.29 6.16 7.5 6.55 6.59 9.416 5.689473684210526
ASAS-RCB-21.txt 0.0 5750.0 0.5 0.0 7.5 7.5 11.5 9.5 8.8 5.29 6.16 7.5 6.55 6.59 9.416 5.689473684210526
ASAS-RCB-21.txt 0.0 5750.0 0.5 0.0 7.5 7.5 11.5 9.5 8.8 5.29 6.16 7.5 6.55 6.59 9.416 5.689473684210526
ASAS-RCB-21.txt 0.0 5750.0 0.5 0.0 7.5 7.5 11.5 9.5 8.8 5.29 6.16 7.5 6.55 6.59 9.416 5.689473684210526
ASAS-RCB-21.txt 0.0 5750.0 0.5 0.0 7.5 7.5 11.5 9.5 8.8 5.29 6.16 7.5 6.55 6.59 9.416 5.689473684210526
ASAS-RCB-21.txt 0.0 5750.0 0.5 0.0 7.5 7.5 11.5 9.5 8.8 5.29 6.16 7.5 6.55 6.59 9.416 5.784210526315789
ASAS-RCB-21.txt 0.0 5750.0 0.5 0.0 7.5 7.5 11.5 9.5 8.8 5.29 6.16 7.5 6.55 6.59 9.416 5.784210526315789
ASAS-RCB-21.txt 0.0 5750.0 0.5 0.0 7.5 7.5 11.5 9.5 8.8 5.29 6.16 7.5 6.55 6.59 9.416 5.784210526315789
ASAS-RCB-21.txt 0.0 5750.0 0.5 0.0 7.5 7.5 11.5 9.5 8.8 5.29 6.16 7.5 6.55 6.59 9.416 5.784210526315789
ASAS-RCB-21.txt 0.0 5750.0 0.5 0.0 7.5 7.5 11.5 9.5 8.8 5.29 6.16 7.5 6.55 6.59 9.416 5.784210526315789
ASAS-RCB-21.txt 0.0 5750.0 0.5 0.0 7.5 7.5 11.5 9.5 8.8 5.29 6.16 7.5 6.55 6.59 9.416 5.878947368421052
ASAS-RCB-21.txt 0.0 5750.0 0.5 0.0 7.5 7.5 11.5 9.5 8.8 5.29 6.16 7.5 6.55 6.59 9.416 5.878947368421052
ASAS-RCB-21.txt 0.0 5750.0 0.5 0.0 7.5 7.5 11.5 9.5 8.8 5.29 6.16 7.5 6.55 6.59 9.416 5.878947368421052
ASAS-RCB-21.txt 0.0 5750.0 0.5 0.0 7.5 7.5 11.5 9.5 8.8 5.29 6.16 7.5 6.55 6.59 9.416 5.878947368421052
ASAS-RCB-21.txt 0.0 5750.0 0.5 0.0 7.5 7.5 11.5 9.5 8.8 5.29 6.16 7.5 6.55 6.59 9.416 5.878947368421052
ASAS-RCB-21.txt 0.0 5750.0 0.5 0.0 7.5 7.5 11.5 9.5 8.8 5.29 6.16 7.5 6.55 6.59 9.416 5.973684210526316
ASAS-RCB-21.txt 0.0 5750.0 0.5 0.0 7.5 7.5 11.5 9.5 8.8 5.29 6.16 7.5 6.55 6.59 9.416 5.973684210526316
ASAS-RCB-21.txt 0.0 5750.0 0.5 0.0 7.5 7.5 11.5 9.5 8.8 5.29 6.16 7.5 6.55 6.59 9.416 5.973684210526316
ASAS-RCB-21.txt 0.0 5750.0 0.5 0.0 7.5 7.5 11.5 9.5 8.8 5.29 6.16 7.5 6.55 6.59 9.416 5.973684210526316
ASAS-RCB-21.txt 0.0 5750.0 0.5 0.0 7.5 7.5 11.5 9.5 8.8 5.29 6.16 7.5 6.55 6.59 9.416 5.973684210526316
ASAS-RCB-21.txt 0.0 5750.0 0.5 0.0 7.5 7.5 11.5 9.5 8.8 5.29 6.16 7.5 6.55 6.59 9.416 6.068421052631579
ASAS-RCB-21.txt 0.0 5750.0 0.5 0.0 7.5 7.5 11.5 9.5 8.8 5.29 6.16 7.5 6.55 6.59 9.416 6.068421052631579
ASAS-RCB-21.txt 0.0 5750.0 0.5 0.0 7.5 7.5 11.5 9.5 8.8 5.29 6.16 7.5 6.55 6.59 9.416 6.068421052631579
ASAS-RCB-21.txt 0.0 5750.0 0.5 0.0 7.5 7.5 11.5 9.5 8.8 5.29 6.16 7.5 6.55 6.59 9.416 6.068421052631579
ASAS-RCB-21.txt 0.0 5750.0 0.5 0.0 7.5 7.5 11.5 9.5 8.8 5.29 6.16 7.5 6.55 6.59 9.416 6.068421052631579
ASAS-RCB-21.txt 0.0 5750.0 0.5 0.0 7.5 7.5 11.5 9.5 8.8 5.29 6.16 7.5 6.55 6.59 9.416 6.163157894736842
ASAS-RCB-21.txt 0.0 5750.0 0.5 0.0 7.5 7.5 11.5 9.5 8.8 5.29 6.16 7.5 6.55 6.59 9.416 6.163157894736842
ASAS-RCB-21.txt 0.0 5750.0 0.5 0.0 7.5 7.5 11.5 9.5 8.8 5.29 6.16 7.5 6.55 6.59 9.416 6.163157894736842
ASAS-RCB-21.txt 0.0 5750.0 0.5 0.0 7.5 7.5 11.5 9.5 8.8 5.29 6.16 7.5 6.55 6.59 9.416 6.163157894736842
ASAS-RCB-21.txt 0.0 5750.0 0.5 0.0 7.5 7.5 11.5 9.5 8.8 5.29 6.16 7.5 6.55 6.59 9.416 6.163157894736842
ASAS-RCB-21.txt 0.0 5750.0 0.5 0.0 7.5 7.5 11.5 9.5 8.8 5.29 6.16 7.5 6.55 6.59 9.416 6.257894736842105
ASAS-RCB-21.txt 0.0 5750.0 0.5 0.0 7.5 7.5 11.5 9.5 8.8 5.29 6.16 7.5 6.55 6.59 9.416 6.257894736842105
ASAS-RCB-21.txt 0.0 5750.0 0.5 0.0 7.5 7.5 11.5 9.5 8.8 5.29 6.16 7.5 6.55 6.59 9.416 6.257894736842105
ASAS-RCB-21.txt 0.0 5750.0 0.5 0.0 7.5 7.5 11.5 9.5 8.8 5.29 6.16 7.5 6.55 6.59 9.416 6.257894736842105
ASAS-RCB-21.txt 0.0 5750.0 0.5 0.0 7.5 7.5 11.5 9.5 8.8 5.29 6.16 7.5 6.55 6.59 9.416 6.257894736842105
ASAS-RCB-21.txt 0.0 5750.0 0.5 0.0 7.5 7.5 11.5 9.5 8.8 5.29 6.16 7.5 6.55 6.59 9.416 6.352631578947369
ASAS-RCB-21.txt 0.0 5750.0 0.5 0.0 7.5 7.5 11.5 9.5 8.8 5.29 6.16 7.5 6.55 6.59 9.416 6.352631578947369
ASAS-RCB-21.txt 0.0 5750.0 0.5 0.0 7.5 7.5 11.5 9.5 8.8 5.29 6.16 7.5 6.55 6.59 9.416 6.352631578947369
ASAS-RCB-21.txt 0.0 5750.0 0.5 0.0 7.5 7.5 11.5 9.5 8.8 5.29 6.16 7.5 6.55 6.59 9.416 6.352631578947369
ASAS-RCB-21.txt 0.0 5750.0 0.5 0.0 7.5 7.5 11.5 9.5 8.8 5.29 6.16 7.5 6.55 6.59 9.416 6.352631578947369
ASAS-RCB-21.txt 0.0 5750.0 0.5 0.0 7.5 7.5 11.5 9.5 8.8 5.29 6.16 7.5 6.55 6.59 9.416 6.447368421052632
ASAS-RCB-21.txt 0.0 5750.0 0.5 0.0 7.5 7.5 11.5 9.5 8.8 5.29 6.16 7.5 6.55 6.59 9.416 6.447368421052632
ASAS-RCB-21.txt 0.0 5750.0 0.5 0.0 7.5 7.5 11.5 9.5 8.8 5.29 6.16 7.5 6.55 6.59 9.416 6.447368421052632
ASAS-RCB-21.txt 0.0 5750.0 0.5 0.0 7.5 7.5 11.5 9.5 8.8 5.29 6.16 7.5 6.55 6.59 9.416 6.447368421052632
ASAS-RCB-21.txt 0.0 5750.0 0.5 0.0 7.5 7.5 11.5 9.5 8.8 5.29 6.16 7.5 6.55 6.59 9.416 6.447368421052632
ASAS-RCB-21.txt 0.0 5750.0 0.5 0.0 7.5 7.5 11.5 9.5 8.8 5.29 6.16 7.5 6.55 6.59 9.416 6.542105263157895
ASAS-RCB-21.txt 0.0 5750.0 0.5 0.0 7.5 7.5 11.5 9.5 8.8 5.29 6.16 7.5 6.55 6.59 9.416 6.542105263157895
ASAS-RCB-21.txt 0.0 5750.0 0.5 0.0 7.5 7.5 11.5 9.5 8.8 5.29 6.16 7.5 6.55 6.59 9.416 6.542105263157895
ASAS-RCB-21.txt 0.0 5750.0 0.5 0.0 7.5 7.5 11.5 9.5 8.8 5.29 6.16 7.5 6.55 6.59 9.416 6.542105263157895
ASAS-RCB-21.txt 0.0 5750.0 0.5 0.0 7.5 7.5 11.5 9.5 8.8 5.29 6.16 7.5 6.55 6.59 9.416 6.542105263157895
ASAS-RCB-21.txt 0.0 5750.0 0.5 0.0 7.5 7.5 11.5 9.5 8.8 5.29 6.16 7.5 6.55 6.59 9.416 6.636842105263158
ASAS-RCB-21.txt 0.0 5750.0 0.5 0.0 7.5 7.5 11.5 9.5 8.8 5.29 6.16 7.5 6.55 6.59 9.416 6.636842105263158
ASAS-RCB-21.txt 0.0 5750.0 0.5 0.0 7.5 7.5 11.5 9.5 8.8 5.29 6.16 7.5 6.55 6.59 9.416 6.636842105263158
ASAS-RCB-21.txt 0.0 5750.0 0.5 0.0 7.5 7.5 11.5 9.5 8.8 5.29 6.16 7.5 6.55 6.59 9.416 6.636842105263158
ASAS-RCB-21.txt 0.0 5750.0 0.5 0.0 7.5 7.5 11.5 9.5 8.8 5.29 6.16 7.5 6.55 6.59 9.416 6.636842105263158
ASAS-RCB-21.txt 0.0 5750.0 0.5 0.0 7.5 7.5 11.5 9.5 8.8 5.29 6.16 7.5 6.55 6.59 9.416 6.731578947368421
ASAS-RCB-21.txt 0.0 5750.0 0.5 0.0 7.5 7.5 11.5 9.5 8.8 5.29 6.16 7.5 6.55 6.59 9.416 6.731578947368421
ASAS-RCB-21.txt 0.0 5750.0 0.5 0.0 7.5 7.5 11.5 9.5 8.8 5.29 6.16 7.5 6.55 6.59 9.416 6.731578947368421
ASAS-RCB-21.txt 0.0 5750.0 0.5 0.0 7.5 7.5 11.5 9.5 8.8 5.29 6.16 7.5 6.55 6.59 9.416 6.731578947368421
ASAS-RCB-21.txt 0.0 5750.0 0.5 0.0 7.5 7.5 11.5 9.5 8.8 5.29 6.16 7.5 6.55 6.59 9.416 6.731578947368421
ASAS-RCB-21.txt 0.0 5750.0 0.5 0.0 7.5 7.5 11.5 9.5 8.8 5.29 6.16 7.5 6.55 6.59 9.416 6.826315789473684
ASAS-RCB-21.txt 0.0 5750.0 0.5 0.0 7.5 7.5 11.5 9.5 8.8 5.29 6.16 7.5 6.55 6.59 9.416 6.826315789473684
ASAS-RCB-21.txt 0.0 5750.0 0.5 0.0 7.5 7.5 11.5 9.5 8.8 5.29 6.16 7.5 6.55 6.59 9.416 6.826315789473684
ASAS-RCB-21.txt 0.0 5750.0 0.5 0.0 7.5 7.5 11.5 9.5 8.8 5.29 6.16 7.5 6.55 6.59 9.416 6.826315789473684
ASAS-RCB-21.txt 0.0 5750.0 0.5 0.0 7.5 7.5 11.5 9.5 8.8 5.29 6.16 7.5 6.55 6.59 9.416 6.826315789473684
ASAS-RCB-21.txt 0.0 5750.0 0.5 0.0 7.5 7.5 11.5 9.5 8.8 5.29 6.16 7.5 6.55 6.59 9.416 6.921052631578947
ASAS-RCB-21.txt 0.0 5750.0 0.5 0.0 7.5 7.5 11.5 9.5 8.8 5.29 6.16 7.5 6.55 6.59 9.416 6.921052631578947
ASAS-RCB-21.txt 0.0 5750.0 0.5 0.0 7.5 7.5 11.5 9.5 8.8 5.29 6.16 7.5 6.55 6.59 9.416 6.921052631578947
ASAS-RCB-21.txt 0.0 5750.0 0.5 0.0 7.5 7.5 11.5 9.5 8.8 5.29 6.16 7.5 6.55 6.59 9.416 6.921052631578947
ASAS-RCB-21.txt 0.0 5750.0 0.5 0.0 7.5 7.5 11.5 9.5 8.8 5.29 6.16 7.5 6.55 6.59 9.416 6.921052631578947
ASAS-RCB-21.txt 0.0 5750.0 0.5 0.0 7.5 7.5 11.5 9.5 8.8 5.29 6.16 7.5 6.55 6.59 9.416 7.01578947368421
ASAS-RCB-21.txt 0.0 5750.0 0.5 0.0 7.5 7.5 11.5 9.5 8.8 5.29 6.16 7.5 6.55 6.59 9.416 7.01578947368421
ASAS-RCB-21.txt 0.0 5750.0 0.5 0.0 7.5 7.5 11.5 9.5 8.8 5.29 6.16 7.5 6.55 6.59 9.416 7.01578947368421
ASAS-RCB-21.txt 0.0 5750.0 0.5 0.0 7.5 7.5 11.5 9.5 8.8 5.29 6.16 7.5 6.55 6.59 9.416 7.01578947368421
ASAS-RCB-21.txt 0.0 5750.0 0.5 0.0 7.5 7.5 11.5 9.5 8.8 5.29 6.16 7.5 6.55 6.59 9.416 7.01578947368421
ASAS-RCB-21.txt 0.0 5750.0 0.5 0.0 7.5 7.5 11.5 9.5 8.8 5.29 6.16 7.5 6.55 6.59 9.416 7.110526315789473
ASAS-RCB-21.txt 0.0 5750.0 0.5 0.0 7.5 7.5 11.5 9.5 8.8 5.29 6.16 7.5 6.55 6.59 9.416 7.110526315789473
ASAS-RCB-21.txt 0.0 5750.0 0.5 0.0 7.5 7.5 11.5 9.5 8.8 5.29 6.16 7.5 6.55 6.59 9.416 7.110526315789473
ASAS-RCB-21.txt 0.0 5750.0 0.5 0.0 7.5 7.5 11.5 9.5 8.8 5.29 6.16 7.5 6.55 6.59 9.416 7.110526315789473
ASAS-RCB-21.txt 0.0 5750.0 0.5 0.0 7.5 7.5 11.5 9.5 8.8 5.29 6.16 7.5 6.55 6.59 9.416 7.110526315789473
ASAS-RCB-21.txt 0.0 5750.0 0.5 0.0 7.5 7.5 11.5 9.5 8.8 5.29 6.16 7.5 6.55 6.59 9.416 7.205263157894737
ASAS-RCB-21.txt 0.0 5750.0 0.5 0.0 7.5 7.5 11.5 9.5 8.8 5.29 6.16 7.5 6.55 6.59 9.416 7.205263157894737
ASAS-RCB-21.txt 0.0 5750.0 0.5 0.0 7.5 7.5 11.5 9.5 8.8 5.29 6.16 7.5 6.55 6.59 9.416 7.205263157894737
ASAS-RCB-21.txt 0.0 5750.0 0.5 0.0 7.5 7.5 11.5 9.5 8.8 5.29 6.16 7.5 6.55 6.59 9.416 7.205263157894737
ASAS-RCB-21.txt 0.0 5750.0 0.5 0.0 7.5 7.5 11.5 9.5 8.8 5.29 6.16 7.5 6.55 6.59 9.416 7.205263157894737
ASAS-RCB-21.txt 0.0 5750.0 0.5 0.0 7.5 7.5 11.5 9.5 8.8 5.29 6.16 7.5 6.55 6.59 9.416 7.3
ASAS-RCB-21.txt 0.0 5750.0 0.5 0.0 7.5 7.5 11.5 9.5 8.8 5.29 6.16 7.5 6.55 6.59 9.416 7.3
ASAS-RCB-21.txt 0.0 5750.0 0.5 0.0 7.5 7.5 11.5 9.5 8.8 5.29 6.16 7.5 6.55 6.59 9.416 7.3
ASAS-RCB-21.txt 0.0 5750.0 0.5 0.0 7.5 7.5 11.5 9.5 8.8 5.29 6.16 7.5 6.55 6.59 9.416 7.3
ASAS-RCB-21.txt 0.0 5750.0 0.5 0.0 7.5 7.5 11.5 9.5 8.8 5.29 6.16 7.5 6.55 6.59 9.416 7.3
