#name_of_spectrum_to_fit rv teff logg [Fe/H] Input_vmicroturb A(H) A(He) A(C) A(O) A(Na) A(S) A(Fe) A(N) A(Ca) A(Si) A(Mg) oisorat
AOHer_clean.txt 0.0 4750.0 1.0 0.0 7.0 7.5 11.5 8.96 8.1 5.29 6.66 7.0 7.402 5.37 7.29 6.55 30.0
AOHer_clean.txt 0.0 4750.0 1.0 0.0 7.0 7.5 11.5 8.96 8.1 5.29 6.66 7.0 7.402 5.37 7.29 6.55 35.1234
AOHer_clean.txt 0.0 4750.0 1.0 0.0 7.0 7.5 11.5 8.96 8.1 5.29 6.66 7.0 7.402 5.37 7.29 6.55 41.1218
AOHer_clean.txt 0.0 4750.0 1.0 0.0 7.0 7.5 11.5 8.96 8.1 5.29 6.66 7.0 7.402 5.37 7.29 6.55 48.1445
AOHer_clean.txt 0.0 4750.0 1.0 0.0 7.0 7.5 11.5 8.96 8.1 5.29 6.66 7.0 7.402 5.37 7.29 6.55 56.3667
AOHer_clean.txt 0.0 4750.0 1.0 0.0 7.0 7.5 11.5 8.96 8.1 5.29 6.66 7.0 7.402 5.37 7.29 6.55 65.993
AOHer_clean.txt 0.0 4750.0 1.0 0.0 7.0 7.5 11.5 8.96 8.1 5.29 6.66 7.0 7.402 5.37 7.29 6.55 77.2632
AOHer_clean.txt 0.0 4750.0 1.0 0.0 7.0 7.5 11.5 8.96 8.1 5.29 6.66 7.0 7.402 5.37 7.29 6.55 90.4582
AOHer_clean.txt 0.0 4750.0 1.0 0.0 7.0 7.5 11.5 8.96 8.1 5.29 6.66 7.0 7.402 5.37 7.29 6.55 105.9067
AOHer_clean.txt 0.0 4750.0 1.0 0.0 7.0 7.5 11.5 8.96 8.1 5.29 6.66 7.0 7.402 5.37 7.29 6.55 123.9934
AOHer_clean.txt 0.0 4750.0 1.0 0.0 7.0 7.5 11.5 8.96 8.1 5.29 6.66 7.0 7.402 5.37 7.29 6.55 145.169
AOHer_clean.txt 0.0 4750.0 1.0 0.0 7.0 7.5 11.5 8.96 8.1 5.29 6.66 7.0 7.402 5.37 7.29 6.55 169.9609
AOHer_clean.txt 0.0 4750.0 1.0 0.0 7.0 7.5 11.5 8.96 8.1 5.29 6.66 7.0 7.402 5.37 7.29 6.55 198.9869
AOHer_clean.txt 0.0 4750.0 1.0 0.0 7.0 7.5 11.5 8.96 8.1 5.29 6.66 7.0 7.402 5.37 7.29 6.55 232.9698
AOHer_clean.txt 0.0 4750.0 1.0 0.0 7.0 7.5 11.5 8.96 8.1 5.29 6.66 7.0 7.402 5.37 7.29 6.55 272.7564
AOHer_clean.txt 0.0 4750.0 1.0 0.0 7.0 7.5 11.5 8.96 8.1 5.29 6.66 7.0 7.402 5.37 7.29 6.55 319.3377
AOHer_clean.txt 0.0 4750.0 1.0 0.0 7.0 7.5 11.5 8.96 8.1 5.29 6.66 7.0 7.402 5.37 7.29 6.55 373.8742
AOHer_clean.txt 0.0 4750.0 1.0 0.0 7.0 7.5 11.5 8.96 8.1 5.29 6.66 7.0 7.402 5.37 7.29 6.55 437.7244
AOHer_clean.txt 0.0 4750.0 1.0 0.0 7.0 7.5 11.5 8.96 8.1 5.29 6.66 7.0 7.402 5.37 7.29 6.55 512.4789
AOHer_clean.txt 0.0 4750.0 1.0 0.0 7.0 7.5 11.5 8.96 8.1 5.29 6.66 7.0 7.402 5.37 7.29 6.55 600.0
