#name_of_spectrum_to_fit rv teff logg [Fe/H] Input_vmicroturb A(H) A(He) A(C) A(Ca) A(O) A(Na) A(S) A(Fe) A(N) A(Mg) A(Si) oisorat
ASAS-RCB-21.txt 0.0 4750.0 1.0 0.0 7.0 7.5 11.5 8.7 5.26 7.671 5.11 6.55 6.58 7.521 6.18 6.48 6.0
ASAS-RCB-21.txt 0.0 4750.0 1.0 0.0 7.0 7.5 11.5 8.7 5.26 7.671 5.11 6.55 6.58 7.521 6.18 6.48 6.0
ASAS-RCB-21.txt 0.0 4750.0 1.0 0.0 7.0 7.5 11.5 8.7 5.26 7.671 5.11 6.55 6.58 7.521 6.18 6.48 6.0
ASAS-RCB-21.txt 0.0 4750.0 1.0 0.0 7.0 7.5 11.5 8.7 5.26 7.671 5.11 6.55 6.58 7.521 6.18 6.48 6.3
ASAS-RCB-21.txt 0.0 4750.0 1.0 0.0 7.0 7.5 11.5 8.7 5.26 7.671 5.11 6.55 6.58 7.521 6.18 6.48 6.3
ASAS-RCB-21.txt 0.0 4750.0 1.0 0.0 7.0 7.5 11.5 8.7 5.26 7.671 5.11 6.55 6.58 7.521 6.18 6.48 6.3
ASAS-RCB-21.txt 0.0 4750.0 1.0 0.0 7.0 7.5 11.5 8.7 5.26 7.671 5.11 6.55 6.58 7.521 6.18 6.48 6.6
ASAS-RCB-21.txt 0.0 4750.0 1.0 0.0 7.0 7.5 11.5 8.7 5.26 7.671 5.11 6.55 6.58 7.521 6.18 6.48 6.6
ASAS-RCB-21.txt 0.0 4750.0 1.0 0.0 7.0 7.5 11.5 8.7 5.26 7.671 5.11 6.55 6.58 7.521 6.18 6.48 6.6
ASAS-RCB-21.txt 0.0 4750.0 1.0 0.0 7.0 7.5 11.5 8.7 5.26 7.671 5.11 6.55 6.58 7.521 6.18 6.48 6.8999999999999995
ASAS-RCB-21.txt 0.0 4750.0 1.0 0.0 7.0 7.5 11.5 8.7 5.26 7.671 5.11 6.55 6.58 7.521 6.18 6.48 6.8999999999999995
ASAS-RCB-21.txt 0.0 4750.0 1.0 0.0 7.0 7.5 11.5 8.7 5.26 7.671 5.11 6.55 6.58 7.521 6.18 6.48 6.8999999999999995
ASAS-RCB-21.txt 0.0 4750.0 1.0 0.0 7.0 7.5 11.5 8.7 5.26 7.671 5.11 6.55 6.58 7.521 6.18 6.48 7.199999999999999
ASAS-RCB-21.txt 0.0 4750.0 1.0 0.0 7.0 7.5 11.5 8.7 5.26 7.671 5.11 6.55 6.58 7.521 6.18 6.48 7.199999999999999
ASAS-RCB-21.txt 0.0 4750.0 1.0 0.0 7.0 7.5 11.5 8.7 5.26 7.671 5.11 6.55 6.58 7.521 6.18 6.48 7.199999999999999
ASAS-RCB-21.txt 0.0 4750.0 1.0 0.0 7.0 7.5 11.5 8.7 5.26 7.671 5.11 6.55 6.58 7.521 6.18 6.48 7.499999999999999
ASAS-RCB-21.txt 0.0 4750.0 1.0 0.0 7.0 7.5 11.5 8.7 5.26 7.671 5.11 6.55 6.58 7.521 6.18 6.48 7.499999999999999
ASAS-RCB-21.txt 0.0 4750.0 1.0 0.0 7.0 7.5 11.5 8.7 5.26 7.671 5.11 6.55 6.58 7.521 6.18 6.48 7.499999999999999
ASAS-RCB-21.txt 0.0 4750.0 1.0 0.0 7.0 7.5 11.5 8.7 5.26 7.671 5.11 6.55 6.58 7.521 6.18 6.48 7.799999999999999
ASAS-RCB-21.txt 0.0 4750.0 1.0 0.0 7.0 7.5 11.5 8.7 5.26 7.671 5.11 6.55 6.58 7.521 6.18 6.48 7.799999999999999
ASAS-RCB-21.txt 0.0 4750.0 1.0 0.0 7.0 7.5 11.5 8.7 5.26 7.671 5.11 6.55 6.58 7.521 6.18 6.48 7.799999999999999
ASAS-RCB-21.txt 0.0 4750.0 1.0 0.0 7.0 7.5 11.5 8.7 5.26 7.671 5.11 6.55 6.58 7.521 6.18 6.48 8.099999999999998
ASAS-RCB-21.txt 0.0 4750.0 1.0 0.0 7.0 7.5 11.5 8.7 5.26 7.671 5.11 6.55 6.58 7.521 6.18 6.48 8.099999999999998
ASAS-RCB-21.txt 0.0 4750.0 1.0 0.0 7.0 7.5 11.5 8.7 5.26 7.671 5.11 6.55 6.58 7.521 6.18 6.48 8.099999999999998
ASAS-RCB-21.txt 0.0 4750.0 1.0 0.0 7.0 7.5 11.5 8.7 5.26 7.671 5.11 6.55 6.58 7.521 6.18 6.48 8.399999999999999
ASAS-RCB-21.txt 0.0 4750.0 1.0 0.0 7.0 7.5 11.5 8.7 5.26 7.671 5.11 6.55 6.58 7.521 6.18 6.48 8.399999999999999
ASAS-RCB-21.txt 0.0 4750.0 1.0 0.0 7.0 7.5 11.5 8.7 5.26 7.671 5.11 6.55 6.58 7.521 6.18 6.48 8.399999999999999
ASAS-RCB-21.txt 0.0 4750.0 1.0 0.0 7.0 7.5 11.5 8.7 5.26 7.671 5.11 6.55 6.58 7.521 6.18 6.48 8.7
ASAS-RCB-21.txt 0.0 4750.0 1.0 0.0 7.0 7.5 11.5 8.7 5.26 7.671 5.11 6.55 6.58 7.521 6.18 6.48 8.7
ASAS-RCB-21.txt 0.0 4750.0 1.0 0.0 7.0 7.5 11.5 8.7 5.26 7.671 5.11 6.55 6.58 7.521 6.18 6.48 8.7
ASAS-RCB-21.txt 0.0 4750.0 1.0 0.0 7.0 7.5 11.5 8.7 5.26 7.671 5.11 6.55 6.58 7.521 6.18 6.48 8.999999999999998
ASAS-RCB-21.txt 0.0 4750.0 1.0 0.0 7.0 7.5 11.5 8.7 5.26 7.671 5.11 6.55 6.58 7.521 6.18 6.48 8.999999999999998
ASAS-RCB-21.txt 0.0 4750.0 1.0 0.0 7.0 7.5 11.5 8.7 5.26 7.671 5.11 6.55 6.58 7.521 6.18 6.48 8.999999999999998
ASAS-RCB-21.txt 0.0 4750.0 1.0 0.0 7.0 7.5 11.5 8.7 5.26 7.671 5.11 6.55 6.58 7.521 6.18 6.48 9.299999999999997
ASAS-RCB-21.txt 0.0 4750.0 1.0 0.0 7.0 7.5 11.5 8.7 5.26 7.671 5.11 6.55 6.58 7.521 6.18 6.48 9.299999999999997
ASAS-RCB-21.txt 0.0 4750.0 1.0 0.0 7.0 7.5 11.5 8.7 5.26 7.671 5.11 6.55 6.58 7.521 6.18 6.48 9.299999999999997
ASAS-RCB-21.txt 0.0 4750.0 1.0 0.0 7.0 7.5 11.5 8.7 5.26 7.671 5.11 6.55 6.58 7.521 6.18 6.48 9.599999999999998
ASAS-RCB-21.txt 0.0 4750.0 1.0 0.0 7.0 7.5 11.5 8.7 5.26 7.671 5.11 6.55 6.58 7.521 6.18 6.48 9.599999999999998
ASAS-RCB-21.txt 0.0 4750.0 1.0 0.0 7.0 7.5 11.5 8.7 5.26 7.671 5.11 6.55 6.58 7.521 6.18 6.48 9.599999999999998
ASAS-RCB-21.txt 0.0 4750.0 1.0 0.0 7.0 7.5 11.5 8.7 5.26 7.671 5.11 6.55 6.58 7.521 6.18 6.48 9.899999999999999
ASAS-RCB-21.txt 0.0 4750.0 1.0 0.0 7.0 7.5 11.5 8.7 5.26 7.671 5.11 6.55 6.58 7.521 6.18 6.48 9.899999999999999
ASAS-RCB-21.txt 0.0 4750.0 1.0 0.0 7.0 7.5 11.5 8.7 5.26 7.671 5.11 6.55 6.58 7.521 6.18 6.48 9.899999999999999
ASAS-RCB-21.txt 0.0 4750.0 1.0 0.0 7.0 7.5 11.5 8.7 5.26 7.671 5.11 6.55 6.58 7.521 6.18 6.48 10.199999999999998
ASAS-RCB-21.txt 0.0 4750.0 1.0 0.0 7.0 7.5 11.5 8.7 5.26 7.671 5.11 6.55 6.58 7.521 6.18 6.48 10.199999999999998
ASAS-RCB-21.txt 0.0 4750.0 1.0 0.0 7.0 7.5 11.5 8.7 5.26 7.671 5.11 6.55 6.58 7.521 6.18 6.48 10.199999999999998
ASAS-RCB-21.txt 0.0 4750.0 1.0 0.0 7.0 7.5 11.5 8.7 5.26 7.671 5.11 6.55 6.58 7.521 6.18 6.48 10.499999999999996
ASAS-RCB-21.txt 0.0 4750.0 1.0 0.0 7.0 7.5 11.5 8.7 5.26 7.671 5.11 6.55 6.58 7.521 6.18 6.48 10.499999999999996
ASAS-RCB-21.txt 0.0 4750.0 1.0 0.0 7.0 7.5 11.5 8.7 5.26 7.671 5.11 6.55 6.58 7.521 6.18 6.48 10.499999999999996
ASAS-RCB-21.txt 0.0 4750.0 1.0 0.0 7.0 7.5 11.5 8.7 5.26 7.671 5.11 6.55 6.58 7.521 6.18 6.48 10.799999999999997
ASAS-RCB-21.txt 0.0 4750.0 1.0 0.0 7.0 7.5 11.5 8.7 5.26 7.671 5.11 6.55 6.58 7.521 6.18 6.48 10.799999999999997
ASAS-RCB-21.txt 0.0 4750.0 1.0 0.0 7.0 7.5 11.5 8.7 5.26 7.671 5.11 6.55 6.58 7.521 6.18 6.48 10.799999999999997
ASAS-RCB-21.txt 0.0 4750.0 1.0 0.0 7.0 7.5 11.5 8.7 5.26 7.671 5.11 6.55 6.58 7.521 6.18 6.48 11.099999999999998
ASAS-RCB-21.txt 0.0 4750.0 1.0 0.0 7.0 7.5 11.5 8.7 5.26 7.671 5.11 6.55 6.58 7.521 6.18 6.48 11.099999999999998
ASAS-RCB-21.txt 0.0 4750.0 1.0 0.0 7.0 7.5 11.5 8.7 5.26 7.671 5.11 6.55 6.58 7.521 6.18 6.48 11.099999999999998
ASAS-RCB-21.txt 0.0 4750.0 1.0 0.0 7.0 7.5 11.5 8.7 5.26 7.671 5.11 6.55 6.58 7.521 6.18 6.48 11.399999999999997
ASAS-RCB-21.txt 0.0 4750.0 1.0 0.0 7.0 7.5 11.5 8.7 5.26 7.671 5.11 6.55 6.58 7.521 6.18 6.48 11.399999999999997
ASAS-RCB-21.txt 0.0 4750.0 1.0 0.0 7.0 7.5 11.5 8.7 5.26 7.671 5.11 6.55 6.58 7.521 6.18 6.48 11.399999999999997
ASAS-RCB-21.txt 0.0 4750.0 1.0 0.0 7.0 7.5 11.5 8.7 5.26 7.671 5.11 6.55 6.58 7.521 6.18 6.48 11.699999999999996
ASAS-RCB-21.txt 0.0 4750.0 1.0 0.0 7.0 7.5 11.5 8.7 5.26 7.671 5.11 6.55 6.58 7.521 6.18 6.48 11.699999999999996
ASAS-RCB-21.txt 0.0 4750.0 1.0 0.0 7.0 7.5 11.5 8.7 5.26 7.671 5.11 6.55 6.58 7.521 6.18 6.48 11.699999999999996
ASAS-RCB-21.txt 0.0 4750.0 1.0 0.0 7.0 7.5 11.5 8.7 5.26 7.671 5.11 6.55 6.58 7.521 6.18 6.48 11.999999999999996
ASAS-RCB-21.txt 0.0 4750.0 1.0 0.0 7.0 7.5 11.5 8.7 5.26 7.671 5.11 6.55 6.58 7.521 6.18 6.48 11.999999999999996
ASAS-RCB-21.txt 0.0 4750.0 1.0 0.0 7.0 7.5 11.5 8.7 5.26 7.671 5.11 6.55 6.58 7.521 6.18 6.48 11.999999999999996
ASAS-RCB-21.txt 0.0 4750.0 1.0 0.0 7.0 7.5 11.5 8.7 5.26 7.671 5.11 6.55 6.58 7.521 6.18 6.48 12.299999999999997
ASAS-RCB-21.txt 0.0 4750.0 1.0 0.0 7.0 7.5 11.5 8.7 5.26 7.671 5.11 6.55 6.58 7.521 6.18 6.48 12.299999999999997
ASAS-RCB-21.txt 0.0 4750.0 1.0 0.0 7.0 7.5 11.5 8.7 5.26 7.671 5.11 6.55 6.58 7.521 6.18 6.48 12.299999999999997
ASAS-RCB-21.txt 0.0 4750.0 1.0 0.0 7.0 7.5 11.5 8.7 5.26 7.671 5.11 6.55 6.58 7.521 6.18 6.48 12.599999999999996
ASAS-RCB-21.txt 0.0 4750.0 1.0 0.0 7.0 7.5 11.5 8.7 5.26 7.671 5.11 6.55 6.58 7.521 6.18 6.48 12.599999999999996
ASAS-RCB-21.txt 0.0 4750.0 1.0 0.0 7.0 7.5 11.5 8.7 5.26 7.671 5.11 6.55 6.58 7.521 6.18 6.48 12.599999999999996
ASAS-RCB-21.txt 0.0 4750.0 1.0 0.0 7.0 7.5 11.5 8.7 5.26 7.671 5.11 6.55 6.58 7.521 6.18 6.48 12.899999999999995
ASAS-RCB-21.txt 0.0 4750.0 1.0 0.0 7.0 7.5 11.5 8.7 5.26 7.671 5.11 6.55 6.58 7.521 6.18 6.48 12.899999999999995
ASAS-RCB-21.txt 0.0 4750.0 1.0 0.0 7.0 7.5 11.5 8.7 5.26 7.671 5.11 6.55 6.58 7.521 6.18 6.48 12.899999999999995
