#name_of_spectrum_to_fit rv teff logg [Fe/H] Input_vmicroturb A(H) A(He) A(C) A(Ca) A(O) A(Na) A(S) A(Fe) A(N) A(Mg) A(Si) oisorat
ASAS-RCB-21.txt 0.0 5000.0 1.0 0.0 5.0 7.5 11.5 8.771 5.26 7.862 5.11 6.55 6.58 7.728 6.18 6.48 4.5
ASAS-RCB-21.txt 0.0 5000.0 1.0 0.0 5.0 7.5 11.5 8.771 5.26 7.862 5.11 6.55 6.58 7.728 6.18 6.48 4.5
ASAS-RCB-21.txt 0.0 5000.0 1.0 0.0 5.0 7.5 11.5 8.771 5.26 7.862 5.11 6.55 6.58 7.728 6.18 6.48 4.5
ASAS-RCB-21.txt 0.0 5000.0 1.0 0.0 5.0 7.5 11.5 8.771 5.26 7.862 5.11 6.55 6.58 7.728 6.18 6.48 5.0
ASAS-RCB-21.txt 0.0 5000.0 1.0 0.0 5.0 7.5 11.5 8.771 5.26 7.862 5.11 6.55 6.58 7.728 6.18 6.48 5.0
ASAS-RCB-21.txt 0.0 5000.0 1.0 0.0 5.0 7.5 11.5 8.771 5.26 7.862 5.11 6.55 6.58 7.728 6.18 6.48 5.0
ASAS-RCB-21.txt 0.0 5000.0 1.0 0.0 5.0 7.5 11.5 8.771 5.26 7.862 5.11 6.55 6.58 7.728 6.18 6.48 5.5
ASAS-RCB-21.txt 0.0 5000.0 1.0 0.0 5.0 7.5 11.5 8.771 5.26 7.862 5.11 6.55 6.58 7.728 6.18 6.48 5.5
ASAS-RCB-21.txt 0.0 5000.0 1.0 0.0 5.0 7.5 11.5 8.771 5.26 7.862 5.11 6.55 6.58 7.728 6.18 6.48 5.5
ASAS-RCB-21.txt 0.0 5000.0 1.0 0.0 5.0 7.5 11.5 8.771 5.26 7.862 5.11 6.55 6.58 7.728 6.18 6.48 6.0
ASAS-RCB-21.txt 0.0 5000.0 1.0 0.0 5.0 7.5 11.5 8.771 5.26 7.862 5.11 6.55 6.58 7.728 6.18 6.48 6.0
ASAS-RCB-21.txt 0.0 5000.0 1.0 0.0 5.0 7.5 11.5 8.771 5.26 7.862 5.11 6.55 6.58 7.728 6.18 6.48 6.0
ASAS-RCB-21.txt 0.0 5000.0 1.0 0.0 5.0 7.5 11.5 8.771 5.26 7.862 5.11 6.55 6.58 7.728 6.18 6.48 6.5
ASAS-RCB-21.txt 0.0 5000.0 1.0 0.0 5.0 7.5 11.5 8.771 5.26 7.862 5.11 6.55 6.58 7.728 6.18 6.48 6.5
ASAS-RCB-21.txt 0.0 5000.0 1.0 0.0 5.0 7.5 11.5 8.771 5.26 7.862 5.11 6.55 6.58 7.728 6.18 6.48 6.5
ASAS-RCB-21.txt 0.0 5000.0 1.0 0.0 5.0 7.5 11.5 8.771 5.26 7.862 5.11 6.55 6.58 7.728 6.18 6.48 7.0
ASAS-RCB-21.txt 0.0 5000.0 1.0 0.0 5.0 7.5 11.5 8.771 5.26 7.862 5.11 6.55 6.58 7.728 6.18 6.48 7.0
ASAS-RCB-21.txt 0.0 5000.0 1.0 0.0 5.0 7.5 11.5 8.771 5.26 7.862 5.11 6.55 6.58 7.728 6.18 6.48 7.0
ASAS-RCB-21.txt 0.0 5000.0 1.0 0.0 5.0 7.5 11.5 8.771 5.26 7.862 5.11 6.55 6.58 7.728 6.18 6.48 7.5
ASAS-RCB-21.txt 0.0 5000.0 1.0 0.0 5.0 7.5 11.5 8.771 5.26 7.862 5.11 6.55 6.58 7.728 6.18 6.48 7.5
ASAS-RCB-21.txt 0.0 5000.0 1.0 0.0 5.0 7.5 11.5 8.771 5.26 7.862 5.11 6.55 6.58 7.728 6.18 6.48 7.5
ASAS-RCB-21.txt 0.0 5000.0 1.0 0.0 5.0 7.5 11.5 8.771 5.26 7.862 5.11 6.55 6.58 7.728 6.18 6.48 8.0
ASAS-RCB-21.txt 0.0 5000.0 1.0 0.0 5.0 7.5 11.5 8.771 5.26 7.862 5.11 6.55 6.58 7.728 6.18 6.48 8.0
ASAS-RCB-21.txt 0.0 5000.0 1.0 0.0 5.0 7.5 11.5 8.771 5.26 7.862 5.11 6.55 6.58 7.728 6.18 6.48 8.0
ASAS-RCB-21.txt 0.0 5000.0 1.0 0.0 5.0 7.5 11.5 8.771 5.26 7.862 5.11 6.55 6.58 7.728 6.18 6.48 8.5
ASAS-RCB-21.txt 0.0 5000.0 1.0 0.0 5.0 7.5 11.5 8.771 5.26 7.862 5.11 6.55 6.58 7.728 6.18 6.48 8.5
ASAS-RCB-21.txt 0.0 5000.0 1.0 0.0 5.0 7.5 11.5 8.771 5.26 7.862 5.11 6.55 6.58 7.728 6.18 6.48 8.5
ASAS-RCB-21.txt 0.0 5000.0 1.0 0.0 5.0 7.5 11.5 8.771 5.26 7.862 5.11 6.55 6.58 7.728 6.18 6.48 9.0
ASAS-RCB-21.txt 0.0 5000.0 1.0 0.0 5.0 7.5 11.5 8.771 5.26 7.862 5.11 6.55 6.58 7.728 6.18 6.48 9.0
ASAS-RCB-21.txt 0.0 5000.0 1.0 0.0 5.0 7.5 11.5 8.771 5.26 7.862 5.11 6.55 6.58 7.728 6.18 6.48 9.0
ASAS-RCB-21.txt 0.0 5000.0 1.0 0.0 5.0 7.5 11.5 8.771 5.26 7.862 5.11 6.55 6.58 7.728 6.18 6.48 9.5
ASAS-RCB-21.txt 0.0 5000.0 1.0 0.0 5.0 7.5 11.5 8.771 5.26 7.862 5.11 6.55 6.58 7.728 6.18 6.48 9.5
ASAS-RCB-21.txt 0.0 5000.0 1.0 0.0 5.0 7.5 11.5 8.771 5.26 7.862 5.11 6.55 6.58 7.728 6.18 6.48 9.5
ASAS-RCB-21.txt 0.0 5000.0 1.0 0.0 5.0 7.5 11.5 8.771 5.26 7.862 5.11 6.55 6.58 7.728 6.18 6.48 10.0
ASAS-RCB-21.txt 0.0 5000.0 1.0 0.0 5.0 7.5 11.5 8.771 5.26 7.862 5.11 6.55 6.58 7.728 6.18 6.48 10.0
ASAS-RCB-21.txt 0.0 5000.0 1.0 0.0 5.0 7.5 11.5 8.771 5.26 7.862 5.11 6.55 6.58 7.728 6.18 6.48 10.0
ASAS-RCB-21.txt 0.0 5000.0 1.0 0.0 5.0 7.5 11.5 8.771 5.26 7.862 5.11 6.55 6.58 7.728 6.18 6.48 10.5
ASAS-RCB-21.txt 0.0 5000.0 1.0 0.0 5.0 7.5 11.5 8.771 5.26 7.862 5.11 6.55 6.58 7.728 6.18 6.48 10.5
ASAS-RCB-21.txt 0.0 5000.0 1.0 0.0 5.0 7.5 11.5 8.771 5.26 7.862 5.11 6.55 6.58 7.728 6.18 6.48 10.5
ASAS-RCB-21.txt 0.0 5000.0 1.0 0.0 5.0 7.5 11.5 8.771 5.26 7.862 5.11 6.55 6.58 7.728 6.18 6.48 11.0
ASAS-RCB-21.txt 0.0 5000.0 1.0 0.0 5.0 7.5 11.5 8.771 5.26 7.862 5.11 6.55 6.58 7.728 6.18 6.48 11.0
ASAS-RCB-21.txt 0.0 5000.0 1.0 0.0 5.0 7.5 11.5 8.771 5.26 7.862 5.11 6.55 6.58 7.728 6.18 6.48 11.0
ASAS-RCB-21.txt 0.0 5000.0 1.0 0.0 5.0 7.5 11.5 8.771 5.26 7.862 5.11 6.55 6.58 7.728 6.18 6.48 11.5
ASAS-RCB-21.txt 0.0 5000.0 1.0 0.0 5.0 7.5 11.5 8.771 5.26 7.862 5.11 6.55 6.58 7.728 6.18 6.48 11.5
ASAS-RCB-21.txt 0.0 5000.0 1.0 0.0 5.0 7.5 11.5 8.771 5.26 7.862 5.11 6.55 6.58 7.728 6.18 6.48 11.5
ASAS-RCB-21.txt 0.0 5000.0 1.0 0.0 5.0 7.5 11.5 8.771 5.26 7.862 5.11 6.55 6.58 7.728 6.18 6.48 12.0
ASAS-RCB-21.txt 0.0 5000.0 1.0 0.0 5.0 7.5 11.5 8.771 5.26 7.862 5.11 6.55 6.58 7.728 6.18 6.48 12.0
ASAS-RCB-21.txt 0.0 5000.0 1.0 0.0 5.0 7.5 11.5 8.771 5.26 7.862 5.11 6.55 6.58 7.728 6.18 6.48 12.0
ASAS-RCB-21.txt 0.0 5000.0 1.0 0.0 5.0 7.5 11.5 8.771 5.26 7.862 5.11 6.55 6.58 7.728 6.18 6.48 12.5
ASAS-RCB-21.txt 0.0 5000.0 1.0 0.0 5.0 7.5 11.5 8.771 5.26 7.862 5.11 6.55 6.58 7.728 6.18 6.48 12.5
ASAS-RCB-21.txt 0.0 5000.0 1.0 0.0 5.0 7.5 11.5 8.771 5.26 7.862 5.11 6.55 6.58 7.728 6.18 6.48 12.5
