#name_of_spectrum_to_fit rv teff logg [Fe/H] Input_vmicroturb A(H) A(He) A(C) A(Ca) A(O) A(Na) A(S) A(Fe) A(N) A(Mg) A(Si) oisorat
ASAS-RCB-21.txt 0.0 5000.0 1.0 0.0 7.0 7.5 11.5 8.73 5.26 7.722 5.11 6.55 6.58 7.696 6.18 6.48 4.5
ASAS-RCB-21.txt 0.0 5000.0 1.0 0.0 7.0 7.5 11.5 8.73 5.26 7.722 5.11 6.55 6.58 7.696 6.18 6.48 4.5
ASAS-RCB-21.txt 0.0 5000.0 1.0 0.0 7.0 7.5 11.5 8.73 5.26 7.722 5.11 6.55 6.58 7.696 6.18 6.48 4.5
ASAS-RCB-21.txt 0.0 5000.0 1.0 0.0 7.0 7.5 11.5 8.73 5.26 7.722 5.11 6.55 6.58 7.696 6.18 6.48 4.8
ASAS-RCB-21.txt 0.0 5000.0 1.0 0.0 7.0 7.5 11.5 8.73 5.26 7.722 5.11 6.55 6.58 7.696 6.18 6.48 4.8
ASAS-RCB-21.txt 0.0 5000.0 1.0 0.0 7.0 7.5 11.5 8.73 5.26 7.722 5.11 6.55 6.58 7.696 6.18 6.48 4.8
ASAS-RCB-21.txt 0.0 5000.0 1.0 0.0 7.0 7.5 11.5 8.73 5.26 7.722 5.11 6.55 6.58 7.696 6.18 6.48 5.1
ASAS-RCB-21.txt 0.0 5000.0 1.0 0.0 7.0 7.5 11.5 8.73 5.26 7.722 5.11 6.55 6.58 7.696 6.18 6.48 5.1
ASAS-RCB-21.txt 0.0 5000.0 1.0 0.0 7.0 7.5 11.5 8.73 5.26 7.722 5.11 6.55 6.58 7.696 6.18 6.48 5.1
ASAS-RCB-21.txt 0.0 5000.0 1.0 0.0 7.0 7.5 11.5 8.73 5.26 7.722 5.11 6.55 6.58 7.696 6.18 6.48 5.3999999999999995
ASAS-RCB-21.txt 0.0 5000.0 1.0 0.0 7.0 7.5 11.5 8.73 5.26 7.722 5.11 6.55 6.58 7.696 6.18 6.48 5.3999999999999995
ASAS-RCB-21.txt 0.0 5000.0 1.0 0.0 7.0 7.5 11.5 8.73 5.26 7.722 5.11 6.55 6.58 7.696 6.18 6.48 5.3999999999999995
ASAS-RCB-21.txt 0.0 5000.0 1.0 0.0 7.0 7.5 11.5 8.73 5.26 7.722 5.11 6.55 6.58 7.696 6.18 6.48 5.699999999999999
ASAS-RCB-21.txt 0.0 5000.0 1.0 0.0 7.0 7.5 11.5 8.73 5.26 7.722 5.11 6.55 6.58 7.696 6.18 6.48 5.699999999999999
ASAS-RCB-21.txt 0.0 5000.0 1.0 0.0 7.0 7.5 11.5 8.73 5.26 7.722 5.11 6.55 6.58 7.696 6.18 6.48 5.699999999999999
ASAS-RCB-21.txt 0.0 5000.0 1.0 0.0 7.0 7.5 11.5 8.73 5.26 7.722 5.11 6.55 6.58 7.696 6.18 6.48 5.999999999999999
ASAS-RCB-21.txt 0.0 5000.0 1.0 0.0 7.0 7.5 11.5 8.73 5.26 7.722 5.11 6.55 6.58 7.696 6.18 6.48 5.999999999999999
ASAS-RCB-21.txt 0.0 5000.0 1.0 0.0 7.0 7.5 11.5 8.73 5.26 7.722 5.11 6.55 6.58 7.696 6.18 6.48 5.999999999999999
ASAS-RCB-21.txt 0.0 5000.0 1.0 0.0 7.0 7.5 11.5 8.73 5.26 7.722 5.11 6.55 6.58 7.696 6.18 6.48 6.299999999999999
ASAS-RCB-21.txt 0.0 5000.0 1.0 0.0 7.0 7.5 11.5 8.73 5.26 7.722 5.11 6.55 6.58 7.696 6.18 6.48 6.299999999999999
ASAS-RCB-21.txt 0.0 5000.0 1.0 0.0 7.0 7.5 11.5 8.73 5.26 7.722 5.11 6.55 6.58 7.696 6.18 6.48 6.299999999999999
ASAS-RCB-21.txt 0.0 5000.0 1.0 0.0 7.0 7.5 11.5 8.73 5.26 7.722 5.11 6.55 6.58 7.696 6.18 6.48 6.599999999999999
ASAS-RCB-21.txt 0.0 5000.0 1.0 0.0 7.0 7.5 11.5 8.73 5.26 7.722 5.11 6.55 6.58 7.696 6.18 6.48 6.599999999999999
ASAS-RCB-21.txt 0.0 5000.0 1.0 0.0 7.0 7.5 11.5 8.73 5.26 7.722 5.11 6.55 6.58 7.696 6.18 6.48 6.599999999999999
ASAS-RCB-21.txt 0.0 5000.0 1.0 0.0 7.0 7.5 11.5 8.73 5.26 7.722 5.11 6.55 6.58 7.696 6.18 6.48 6.899999999999999
ASAS-RCB-21.txt 0.0 5000.0 1.0 0.0 7.0 7.5 11.5 8.73 5.26 7.722 5.11 6.55 6.58 7.696 6.18 6.48 6.899999999999999
ASAS-RCB-21.txt 0.0 5000.0 1.0 0.0 7.0 7.5 11.5 8.73 5.26 7.722 5.11 6.55 6.58 7.696 6.18 6.48 6.899999999999999
ASAS-RCB-21.txt 0.0 5000.0 1.0 0.0 7.0 7.5 11.5 8.73 5.26 7.722 5.11 6.55 6.58 7.696 6.18 6.48 7.199999999999998
ASAS-RCB-21.txt 0.0 5000.0 1.0 0.0 7.0 7.5 11.5 8.73 5.26 7.722 5.11 6.55 6.58 7.696 6.18 6.48 7.199999999999998
ASAS-RCB-21.txt 0.0 5000.0 1.0 0.0 7.0 7.5 11.5 8.73 5.26 7.722 5.11 6.55 6.58 7.696 6.18 6.48 7.199999999999998
ASAS-RCB-21.txt 0.0 5000.0 1.0 0.0 7.0 7.5 11.5 8.73 5.26 7.722 5.11 6.55 6.58 7.696 6.18 6.48 7.499999999999998
ASAS-RCB-21.txt 0.0 5000.0 1.0 0.0 7.0 7.5 11.5 8.73 5.26 7.722 5.11 6.55 6.58 7.696 6.18 6.48 7.499999999999998
ASAS-RCB-21.txt 0.0 5000.0 1.0 0.0 7.0 7.5 11.5 8.73 5.26 7.722 5.11 6.55 6.58 7.696 6.18 6.48 7.499999999999998
ASAS-RCB-21.txt 0.0 5000.0 1.0 0.0 7.0 7.5 11.5 8.73 5.26 7.722 5.11 6.55 6.58 7.696 6.18 6.48 7.799999999999998
ASAS-RCB-21.txt 0.0 5000.0 1.0 0.0 7.0 7.5 11.5 8.73 5.26 7.722 5.11 6.55 6.58 7.696 6.18 6.48 7.799999999999998
ASAS-RCB-21.txt 0.0 5000.0 1.0 0.0 7.0 7.5 11.5 8.73 5.26 7.722 5.11 6.55 6.58 7.696 6.18 6.48 7.799999999999998
ASAS-RCB-21.txt 0.0 5000.0 1.0 0.0 7.0 7.5 11.5 8.73 5.26 7.722 5.11 6.55 6.58 7.696 6.18 6.48 8.099999999999998
ASAS-RCB-21.txt 0.0 5000.0 1.0 0.0 7.0 7.5 11.5 8.73 5.26 7.722 5.11 6.55 6.58 7.696 6.18 6.48 8.099999999999998
ASAS-RCB-21.txt 0.0 5000.0 1.0 0.0 7.0 7.5 11.5 8.73 5.26 7.722 5.11 6.55 6.58 7.696 6.18 6.48 8.099999999999998
ASAS-RCB-21.txt 0.0 5000.0 1.0 0.0 7.0 7.5 11.5 8.73 5.26 7.722 5.11 6.55 6.58 7.696 6.18 6.48 8.399999999999999
ASAS-RCB-21.txt 0.0 5000.0 1.0 0.0 7.0 7.5 11.5 8.73 5.26 7.722 5.11 6.55 6.58 7.696 6.18 6.48 8.399999999999999
ASAS-RCB-21.txt 0.0 5000.0 1.0 0.0 7.0 7.5 11.5 8.73 5.26 7.722 5.11 6.55 6.58 7.696 6.18 6.48 8.399999999999999
ASAS-RCB-21.txt 0.0 5000.0 1.0 0.0 7.0 7.5 11.5 8.73 5.26 7.722 5.11 6.55 6.58 7.696 6.18 6.48 8.699999999999998
ASAS-RCB-21.txt 0.0 5000.0 1.0 0.0 7.0 7.5 11.5 8.73 5.26 7.722 5.11 6.55 6.58 7.696 6.18 6.48 8.699999999999998
ASAS-RCB-21.txt 0.0 5000.0 1.0 0.0 7.0 7.5 11.5 8.73 5.26 7.722 5.11 6.55 6.58 7.696 6.18 6.48 8.699999999999998
ASAS-RCB-21.txt 0.0 5000.0 1.0 0.0 7.0 7.5 11.5 8.73 5.26 7.722 5.11 6.55 6.58 7.696 6.18 6.48 8.999999999999996
ASAS-RCB-21.txt 0.0 5000.0 1.0 0.0 7.0 7.5 11.5 8.73 5.26 7.722 5.11 6.55 6.58 7.696 6.18 6.48 8.999999999999996
ASAS-RCB-21.txt 0.0 5000.0 1.0 0.0 7.0 7.5 11.5 8.73 5.26 7.722 5.11 6.55 6.58 7.696 6.18 6.48 8.999999999999996
ASAS-RCB-21.txt 0.0 5000.0 1.0 0.0 7.0 7.5 11.5 8.73 5.26 7.722 5.11 6.55 6.58 7.696 6.18 6.48 9.299999999999997
ASAS-RCB-21.txt 0.0 5000.0 1.0 0.0 7.0 7.5 11.5 8.73 5.26 7.722 5.11 6.55 6.58 7.696 6.18 6.48 9.299999999999997
ASAS-RCB-21.txt 0.0 5000.0 1.0 0.0 7.0 7.5 11.5 8.73 5.26 7.722 5.11 6.55 6.58 7.696 6.18 6.48 9.299999999999997
ASAS-RCB-21.txt 0.0 5000.0 1.0 0.0 7.0 7.5 11.5 8.73 5.26 7.722 5.11 6.55 6.58 7.696 6.18 6.48 9.599999999999998
ASAS-RCB-21.txt 0.0 5000.0 1.0 0.0 7.0 7.5 11.5 8.73 5.26 7.722 5.11 6.55 6.58 7.696 6.18 6.48 9.599999999999998
ASAS-RCB-21.txt 0.0 5000.0 1.0 0.0 7.0 7.5 11.5 8.73 5.26 7.722 5.11 6.55 6.58 7.696 6.18 6.48 9.599999999999998
ASAS-RCB-21.txt 0.0 5000.0 1.0 0.0 7.0 7.5 11.5 8.73 5.26 7.722 5.11 6.55 6.58 7.696 6.18 6.48 9.899999999999997
ASAS-RCB-21.txt 0.0 5000.0 1.0 0.0 7.0 7.5 11.5 8.73 5.26 7.722 5.11 6.55 6.58 7.696 6.18 6.48 9.899999999999997
ASAS-RCB-21.txt 0.0 5000.0 1.0 0.0 7.0 7.5 11.5 8.73 5.26 7.722 5.11 6.55 6.58 7.696 6.18 6.48 9.899999999999997
