#name_of_spectrum_to_fit rv teff logg [Fe/H] Input_vmicroturb A(H) A(He) A(C) A(O) A(Fe) A(N) A(Mg) A(Na) A(S) A(Si) A(Ca) A(Ni) A(Ti) A(Co) oisorat
A223_clean.txt 0.0 5000.0 1.0 0.0 7.0 7.5 11.5 8.654 7.0 6.0 7.766 7.35 5.99 7.66 6.59 5.67 5.24 3.94 3.95 0.3
A223_clean.txt 0.0 5000.0 1.0 0.0 7.0 7.5 11.5 8.654 7.0 6.0 7.766 7.35 5.99 7.66 6.59 5.67 5.24 3.94 3.95 0.3
A223_clean.txt 0.0 5000.0 1.0 0.0 7.0 7.5 11.5 8.654 7.0 6.0 7.766 7.35 5.99 7.66 6.59 5.67 5.24 3.94 3.95 0.3
A223_clean.txt 0.0 5000.0 1.0 0.0 7.0 7.5 11.5 8.654 7.0 6.0 7.766 7.35 5.99 7.66 6.59 5.67 5.24 3.94 3.95 0.32
A223_clean.txt 0.0 5000.0 1.0 0.0 7.0 7.5 11.5 8.654 7.0 6.0 7.766 7.35 5.99 7.66 6.59 5.67 5.24 3.94 3.95 0.32
A223_clean.txt 0.0 5000.0 1.0 0.0 7.0 7.5 11.5 8.654 7.0 6.0 7.766 7.35 5.99 7.66 6.59 5.67 5.24 3.94 3.95 0.32
A223_clean.txt 0.0 5000.0 1.0 0.0 7.0 7.5 11.5 8.654 7.0 6.0 7.766 7.35 5.99 7.66 6.59 5.67 5.24 3.94 3.95 0.34
A223_clean.txt 0.0 5000.0 1.0 0.0 7.0 7.5 11.5 8.654 7.0 6.0 7.766 7.35 5.99 7.66 6.59 5.67 5.24 3.94 3.95 0.34
A223_clean.txt 0.0 5000.0 1.0 0.0 7.0 7.5 11.5 8.654 7.0 6.0 7.766 7.35 5.99 7.66 6.59 5.67 5.24 3.94 3.95 0.34
A223_clean.txt 0.0 5000.0 1.0 0.0 7.0 7.5 11.5 8.654 7.0 6.0 7.766 7.35 5.99 7.66 6.59 5.67 5.24 3.94 3.95 0.36
A223_clean.txt 0.0 5000.0 1.0 0.0 7.0 7.5 11.5 8.654 7.0 6.0 7.766 7.35 5.99 7.66 6.59 5.67 5.24 3.94 3.95 0.36
A223_clean.txt 0.0 5000.0 1.0 0.0 7.0 7.5 11.5 8.654 7.0 6.0 7.766 7.35 5.99 7.66 6.59 5.67 5.24 3.94 3.95 0.36
A223_clean.txt 0.0 5000.0 1.0 0.0 7.0 7.5 11.5 8.654 7.0 6.0 7.766 7.35 5.99 7.66 6.59 5.67 5.24 3.94 3.95 0.38
A223_clean.txt 0.0 5000.0 1.0 0.0 7.0 7.5 11.5 8.654 7.0 6.0 7.766 7.35 5.99 7.66 6.59 5.67 5.24 3.94 3.95 0.38
A223_clean.txt 0.0 5000.0 1.0 0.0 7.0 7.5 11.5 8.654 7.0 6.0 7.766 7.35 5.99 7.66 6.59 5.67 5.24 3.94 3.95 0.38
A223_clean.txt 0.0 5000.0 1.0 0.0 7.0 7.5 11.5 8.654 7.0 6.0 7.766 7.35 5.99 7.66 6.59 5.67 5.24 3.94 3.95 0.4
A223_clean.txt 0.0 5000.0 1.0 0.0 7.0 7.5 11.5 8.654 7.0 6.0 7.766 7.35 5.99 7.66 6.59 5.67 5.24 3.94 3.95 0.4
A223_clean.txt 0.0 5000.0 1.0 0.0 7.0 7.5 11.5 8.654 7.0 6.0 7.766 7.35 5.99 7.66 6.59 5.67 5.24 3.94 3.95 0.4
A223_clean.txt 0.0 5000.0 1.0 0.0 7.0 7.5 11.5 8.654 7.0 6.0 7.766 7.35 5.99 7.66 6.59 5.67 5.24 3.94 3.95 0.42
A223_clean.txt 0.0 5000.0 1.0 0.0 7.0 7.5 11.5 8.654 7.0 6.0 7.766 7.35 5.99 7.66 6.59 5.67 5.24 3.94 3.95 0.42
A223_clean.txt 0.0 5000.0 1.0 0.0 7.0 7.5 11.5 8.654 7.0 6.0 7.766 7.35 5.99 7.66 6.59 5.67 5.24 3.94 3.95 0.42
A223_clean.txt 0.0 5000.0 1.0 0.0 7.0 7.5 11.5 8.654 7.0 6.0 7.766 7.35 5.99 7.66 6.59 5.67 5.24 3.94 3.95 0.44
A223_clean.txt 0.0 5000.0 1.0 0.0 7.0 7.5 11.5 8.654 7.0 6.0 7.766 7.35 5.99 7.66 6.59 5.67 5.24 3.94 3.95 0.44
A223_clean.txt 0.0 5000.0 1.0 0.0 7.0 7.5 11.5 8.654 7.0 6.0 7.766 7.35 5.99 7.66 6.59 5.67 5.24 3.94 3.95 0.44
A223_clean.txt 0.0 5000.0 1.0 0.0 7.0 7.5 11.5 8.654 7.0 6.0 7.766 7.35 5.99 7.66 6.59 5.67 5.24 3.94 3.95 0.46
A223_clean.txt 0.0 5000.0 1.0 0.0 7.0 7.5 11.5 8.654 7.0 6.0 7.766 7.35 5.99 7.66 6.59 5.67 5.24 3.94 3.95 0.46
A223_clean.txt 0.0 5000.0 1.0 0.0 7.0 7.5 11.5 8.654 7.0 6.0 7.766 7.35 5.99 7.66 6.59 5.67 5.24 3.94 3.95 0.46
A223_clean.txt 0.0 5000.0 1.0 0.0 7.0 7.5 11.5 8.654 7.0 6.0 7.766 7.35 5.99 7.66 6.59 5.67 5.24 3.94 3.95 0.48
A223_clean.txt 0.0 5000.0 1.0 0.0 7.0 7.5 11.5 8.654 7.0 6.0 7.766 7.35 5.99 7.66 6.59 5.67 5.24 3.94 3.95 0.48
A223_clean.txt 0.0 5000.0 1.0 0.0 7.0 7.5 11.5 8.654 7.0 6.0 7.766 7.35 5.99 7.66 6.59 5.67 5.24 3.94 3.95 0.48
A223_clean.txt 0.0 5000.0 1.0 0.0 7.0 7.5 11.5 8.654 7.0 6.0 7.766 7.35 5.99 7.66 6.59 5.67 5.24 3.94 3.95 0.5
A223_clean.txt 0.0 5000.0 1.0 0.0 7.0 7.5 11.5 8.654 7.0 6.0 7.766 7.35 5.99 7.66 6.59 5.67 5.24 3.94 3.95 0.5
A223_clean.txt 0.0 5000.0 1.0 0.0 7.0 7.5 11.5 8.654 7.0 6.0 7.766 7.35 5.99 7.66 6.59 5.67 5.24 3.94 3.95 0.5
A223_clean.txt 0.0 5000.0 1.0 0.0 7.0 7.5 11.5 8.654 7.0 6.0 7.766 7.35 5.99 7.66 6.59 5.67 5.24 3.94 3.95 0.52
A223_clean.txt 0.0 5000.0 1.0 0.0 7.0 7.5 11.5 8.654 7.0 6.0 7.766 7.35 5.99 7.66 6.59 5.67 5.24 3.94 3.95 0.52
A223_clean.txt 0.0 5000.0 1.0 0.0 7.0 7.5 11.5 8.654 7.0 6.0 7.766 7.35 5.99 7.66 6.59 5.67 5.24 3.94 3.95 0.52
A223_clean.txt 0.0 5000.0 1.0 0.0 7.0 7.5 11.5 8.654 7.0 6.0 7.766 7.35 5.99 7.66 6.59 5.67 5.24 3.94 3.95 0.54
A223_clean.txt 0.0 5000.0 1.0 0.0 7.0 7.5 11.5 8.654 7.0 6.0 7.766 7.35 5.99 7.66 6.59 5.67 5.24 3.94 3.95 0.54
A223_clean.txt 0.0 5000.0 1.0 0.0 7.0 7.5 11.5 8.654 7.0 6.0 7.766 7.35 5.99 7.66 6.59 5.67 5.24 3.94 3.95 0.54
A223_clean.txt 0.0 5000.0 1.0 0.0 7.0 7.5 11.5 8.654 7.0 6.0 7.766 7.35 5.99 7.66 6.59 5.67 5.24 3.94 3.95 0.56
A223_clean.txt 0.0 5000.0 1.0 0.0 7.0 7.5 11.5 8.654 7.0 6.0 7.766 7.35 5.99 7.66 6.59 5.67 5.24 3.94 3.95 0.56
A223_clean.txt 0.0 5000.0 1.0 0.0 7.0 7.5 11.5 8.654 7.0 6.0 7.766 7.35 5.99 7.66 6.59 5.67 5.24 3.94 3.95 0.56
A223_clean.txt 0.0 5000.0 1.0 0.0 7.0 7.5 11.5 8.654 7.0 6.0 7.766 7.35 5.99 7.66 6.59 5.67 5.24 3.94 3.95 0.58
A223_clean.txt 0.0 5000.0 1.0 0.0 7.0 7.5 11.5 8.654 7.0 6.0 7.766 7.35 5.99 7.66 6.59 5.67 5.24 3.94 3.95 0.58
A223_clean.txt 0.0 5000.0 1.0 0.0 7.0 7.5 11.5 8.654 7.0 6.0 7.766 7.35 5.99 7.66 6.59 5.67 5.24 3.94 3.95 0.58
A223_clean.txt 0.0 5000.0 1.0 0.0 7.0 7.5 11.5 8.654 7.0 6.0 7.766 7.35 5.99 7.66 6.59 5.67 5.24 3.94 3.95 0.6
A223_clean.txt 0.0 5000.0 1.0 0.0 7.0 7.5 11.5 8.654 7.0 6.0 7.766 7.35 5.99 7.66 6.59 5.67 5.24 3.94 3.95 0.6
A223_clean.txt 0.0 5000.0 1.0 0.0 7.0 7.5 11.5 8.654 7.0 6.0 7.766 7.35 5.99 7.66 6.59 5.67 5.24 3.94 3.95 0.6
A223_clean.txt 0.0 5000.0 1.0 0.0 7.0 7.5 11.5 8.654 7.0 6.0 7.766 7.35 5.99 7.66 6.59 5.67 5.24 3.94 3.95 0.62
A223_clean.txt 0.0 5000.0 1.0 0.0 7.0 7.5 11.5 8.654 7.0 6.0 7.766 7.35 5.99 7.66 6.59 5.67 5.24 3.94 3.95 0.62
A223_clean.txt 0.0 5000.0 1.0 0.0 7.0 7.5 11.5 8.654 7.0 6.0 7.766 7.35 5.99 7.66 6.59 5.67 5.24 3.94 3.95 0.62
A223_clean.txt 0.0 5000.0 1.0 0.0 7.0 7.5 11.5 8.654 7.0 6.0 7.766 7.35 5.99 7.66 6.59 5.67 5.24 3.94 3.95 0.64
A223_clean.txt 0.0 5000.0 1.0 0.0 7.0 7.5 11.5 8.654 7.0 6.0 7.766 7.35 5.99 7.66 6.59 5.67 5.24 3.94 3.95 0.64
A223_clean.txt 0.0 5000.0 1.0 0.0 7.0 7.5 11.5 8.654 7.0 6.0 7.766 7.35 5.99 7.66 6.59 5.67 5.24 3.94 3.95 0.64
A223_clean.txt 0.0 5000.0 1.0 0.0 7.0 7.5 11.5 8.654 7.0 6.0 7.766 7.35 5.99 7.66 6.59 5.67 5.24 3.94 3.95 0.66
A223_clean.txt 0.0 5000.0 1.0 0.0 7.0 7.5 11.5 8.654 7.0 6.0 7.766 7.35 5.99 7.66 6.59 5.67 5.24 3.94 3.95 0.66
A223_clean.txt 0.0 5000.0 1.0 0.0 7.0 7.5 11.5 8.654 7.0 6.0 7.766 7.35 5.99 7.66 6.59 5.67 5.24 3.94 3.95 0.66
A223_clean.txt 0.0 5000.0 1.0 0.0 7.0 7.5 11.5 8.654 7.0 6.0 7.766 7.35 5.99 7.66 6.59 5.67 5.24 3.94 3.95 0.68
A223_clean.txt 0.0 5000.0 1.0 0.0 7.0 7.5 11.5 8.654 7.0 6.0 7.766 7.35 5.99 7.66 6.59 5.67 5.24 3.94 3.95 0.68
A223_clean.txt 0.0 5000.0 1.0 0.0 7.0 7.5 11.5 8.654 7.0 6.0 7.766 7.35 5.99 7.66 6.59 5.67 5.24 3.94 3.95 0.68
A223_clean.txt 0.0 5000.0 1.0 0.0 7.0 7.5 11.5 8.654 7.0 6.0 7.766 7.35 5.99 7.66 6.59 5.67 5.24 3.94 3.95 0.7
A223_clean.txt 0.0 5000.0 1.0 0.0 7.0 7.5 11.5 8.654 7.0 6.0 7.766 7.35 5.99 7.66 6.59 5.67 5.24 3.94 3.95 0.7
A223_clean.txt 0.0 5000.0 1.0 0.0 7.0 7.5 11.5 8.654 7.0 6.0 7.766 7.35 5.99 7.66 6.59 5.67 5.24 3.94 3.95 0.7
A223_clean.txt 0.0 5000.0 1.0 0.0 7.0 7.5 11.5 8.654 7.0 6.0 7.766 7.35 5.99 7.66 6.59 5.67 5.24 3.94 3.95 0.72
A223_clean.txt 0.0 5000.0 1.0 0.0 7.0 7.5 11.5 8.654 7.0 6.0 7.766 7.35 5.99 7.66 6.59 5.67 5.24 3.94 3.95 0.72
A223_clean.txt 0.0 5000.0 1.0 0.0 7.0 7.5 11.5 8.654 7.0 6.0 7.766 7.35 5.99 7.66 6.59 5.67 5.24 3.94 3.95 0.72
A223_clean.txt 0.0 5000.0 1.0 0.0 7.0 7.5 11.5 8.654 7.0 6.0 7.766 7.35 5.99 7.66 6.59 5.67 5.24 3.94 3.95 0.74
A223_clean.txt 0.0 5000.0 1.0 0.0 7.0 7.5 11.5 8.654 7.0 6.0 7.766 7.35 5.99 7.66 6.59 5.67 5.24 3.94 3.95 0.74
A223_clean.txt 0.0 5000.0 1.0 0.0 7.0 7.5 11.5 8.654 7.0 6.0 7.766 7.35 5.99 7.66 6.59 5.67 5.24 3.94 3.95 0.74
A223_clean.txt 0.0 5000.0 1.0 0.0 7.0 7.5 11.5 8.654 7.0 6.0 7.766 7.35 5.99 7.66 6.59 5.67 5.24 3.94 3.95 0.76
A223_clean.txt 0.0 5000.0 1.0 0.0 7.0 7.5 11.5 8.654 7.0 6.0 7.766 7.35 5.99 7.66 6.59 5.67 5.24 3.94 3.95 0.76
A223_clean.txt 0.0 5000.0 1.0 0.0 7.0 7.5 11.5 8.654 7.0 6.0 7.766 7.35 5.99 7.66 6.59 5.67 5.24 3.94 3.95 0.76
A223_clean.txt 0.0 5000.0 1.0 0.0 7.0 7.5 11.5 8.654 7.0 6.0 7.766 7.35 5.99 7.66 6.59 5.67 5.24 3.94 3.95 0.78
A223_clean.txt 0.0 5000.0 1.0 0.0 7.0 7.5 11.5 8.654 7.0 6.0 7.766 7.35 5.99 7.66 6.59 5.67 5.24 3.94 3.95 0.78
A223_clean.txt 0.0 5000.0 1.0 0.0 7.0 7.5 11.5 8.654 7.0 6.0 7.766 7.35 5.99 7.66 6.59 5.67 5.24 3.94 3.95 0.78
A223_clean.txt 0.0 5000.0 1.0 0.0 7.0 7.5 11.5 8.654 7.0 6.0 7.766 7.35 5.99 7.66 6.59 5.67 5.24 3.94 3.95 0.8
A223_clean.txt 0.0 5000.0 1.0 0.0 7.0 7.5 11.5 8.654 7.0 6.0 7.766 7.35 5.99 7.66 6.59 5.67 5.24 3.94 3.95 0.8
A223_clean.txt 0.0 5000.0 1.0 0.0 7.0 7.5 11.5 8.654 7.0 6.0 7.766 7.35 5.99 7.66 6.59 5.67 5.24 3.94 3.95 0.8
A223_clean.txt 0.0 5000.0 1.0 0.0 7.0 7.5 11.5 8.654 7.0 6.0 7.766 7.35 5.99 7.66 6.59 5.67 5.24 3.94 3.95 0.82
A223_clean.txt 0.0 5000.0 1.0 0.0 7.0 7.5 11.5 8.654 7.0 6.0 7.766 7.35 5.99 7.66 6.59 5.67 5.24 3.94 3.95 0.82
A223_clean.txt 0.0 5000.0 1.0 0.0 7.0 7.5 11.5 8.654 7.0 6.0 7.766 7.35 5.99 7.66 6.59 5.67 5.24 3.94 3.95 0.82
A223_clean.txt 0.0 5000.0 1.0 0.0 7.0 7.5 11.5 8.654 7.0 6.0 7.766 7.35 5.99 7.66 6.59 5.67 5.24 3.94 3.95 0.84
A223_clean.txt 0.0 5000.0 1.0 0.0 7.0 7.5 11.5 8.654 7.0 6.0 7.766 7.35 5.99 7.66 6.59 5.67 5.24 3.94 3.95 0.84
A223_clean.txt 0.0 5000.0 1.0 0.0 7.0 7.5 11.5 8.654 7.0 6.0 7.766 7.35 5.99 7.66 6.59 5.67 5.24 3.94 3.95 0.84
A223_clean.txt 0.0 5000.0 1.0 0.0 7.0 7.5 11.5 8.654 7.0 6.0 7.766 7.35 5.99 7.66 6.59 5.67 5.24 3.94 3.95 0.86
A223_clean.txt 0.0 5000.0 1.0 0.0 7.0 7.5 11.5 8.654 7.0 6.0 7.766 7.35 5.99 7.66 6.59 5.67 5.24 3.94 3.95 0.86
A223_clean.txt 0.0 5000.0 1.0 0.0 7.0 7.5 11.5 8.654 7.0 6.0 7.766 7.35 5.99 7.66 6.59 5.67 5.24 3.94 3.95 0.86
A223_clean.txt 0.0 5000.0 1.0 0.0 7.0 7.5 11.5 8.654 7.0 6.0 7.766 7.35 5.99 7.66 6.59 5.67 5.24 3.94 3.95 0.88
A223_clean.txt 0.0 5000.0 1.0 0.0 7.0 7.5 11.5 8.654 7.0 6.0 7.766 7.35 5.99 7.66 6.59 5.67 5.24 3.94 3.95 0.88
A223_clean.txt 0.0 5000.0 1.0 0.0 7.0 7.5 11.5 8.654 7.0 6.0 7.766 7.35 5.99 7.66 6.59 5.67 5.24 3.94 3.95 0.88
A223_clean.txt 0.0 5000.0 1.0 0.0 7.0 7.5 11.5 8.654 7.0 6.0 7.766 7.35 5.99 7.66 6.59 5.67 5.24 3.94 3.95 0.9
A223_clean.txt 0.0 5000.0 1.0 0.0 7.0 7.5 11.5 8.654 7.0 6.0 7.766 7.35 5.99 7.66 6.59 5.67 5.24 3.94 3.95 0.9
A223_clean.txt 0.0 5000.0 1.0 0.0 7.0 7.5 11.5 8.654 7.0 6.0 7.766 7.35 5.99 7.66 6.59 5.67 5.24 3.94 3.95 0.9
