#name_of_spectrum_to_fit rv teff logg [Fe/H] Input_vmicroturb A(H) A(He) A(C) A(O) A(Na) A(S) A(Fe) A(N) A(Ca) A(Si) oisorat
ASAS-RCB-18_clean.txt 0.0 5000.0 1.0 0.0 7.0 7.5 11.5 9.13 8.4 5.29 6.16 7.1 8.61 5.87 7.09 6.0
ASAS-RCB-18_clean.txt 0.0 5000.0 1.0 0.0 7.0 7.5 11.5 9.13 8.4 5.29 6.16 7.1 8.61 5.87 7.09 6.25
ASAS-RCB-18_clean.txt 0.0 5000.0 1.0 0.0 7.0 7.5 11.5 9.13 8.4 5.29 6.16 7.1 8.61 5.87 7.09 6.5
ASAS-RCB-18_clean.txt 0.0 5000.0 1.0 0.0 7.0 7.5 11.5 9.13 8.4 5.29 6.16 7.1 8.61 5.87 7.09 6.75
ASAS-RCB-18_clean.txt 0.0 5000.0 1.0 0.0 7.0 7.5 11.5 9.13 8.4 5.29 6.16 7.1 8.61 5.87 7.09 7.0
ASAS-RCB-18_clean.txt 0.0 5000.0 1.0 0.0 7.0 7.5 11.5 9.13 8.4 5.29 6.16 7.1 8.61 5.87 7.09 7.25
ASAS-RCB-18_clean.txt 0.0 5000.0 1.0 0.0 7.0 7.5 11.5 9.13 8.4 5.29 6.16 7.1 8.61 5.87 7.09 7.5
ASAS-RCB-18_clean.txt 0.0 5000.0 1.0 0.0 7.0 7.5 11.5 9.13 8.4 5.29 6.16 7.1 8.61 5.87 7.09 7.75
ASAS-RCB-18_clean.txt 0.0 5000.0 1.0 0.0 7.0 7.5 11.5 9.13 8.4 5.29 6.16 7.1 8.61 5.87 7.09 8.0
ASAS-RCB-18_clean.txt 0.0 5000.0 1.0 0.0 7.0 7.5 11.5 9.13 8.4 5.29 6.16 7.1 8.61 5.87 7.09 8.25
ASAS-RCB-18_clean.txt 0.0 5000.0 1.0 0.0 7.0 7.5 11.5 9.13 8.4 5.29 6.16 7.1 8.61 5.87 7.09 8.5
ASAS-RCB-18_clean.txt 0.0 5000.0 1.0 0.0 7.0 7.5 11.5 9.13 8.4 5.29 6.16 7.1 8.61 5.87 7.09 8.75
ASAS-RCB-18_clean.txt 0.0 5000.0 1.0 0.0 7.0 7.5 11.5 9.13 8.4 5.29 6.16 7.1 8.61 5.87 7.09 9.0
ASAS-RCB-18_clean.txt 0.0 5000.0 1.0 0.0 7.0 7.5 11.5 9.13 8.4 5.29 6.16 7.1 8.61 5.87 7.09 9.25
ASAS-RCB-18_clean.txt 0.0 5000.0 1.0 0.0 7.0 7.5 11.5 9.13 8.4 5.29 6.16 7.1 8.61 5.87 7.09 9.5
ASAS-RCB-18_clean.txt 0.0 5000.0 1.0 0.0 7.0 7.5 11.5 9.13 8.4 5.29 6.16 7.1 8.61 5.87 7.09 9.75
ASAS-RCB-18_clean.txt 0.0 5000.0 1.0 0.0 7.0 7.5 11.5 9.13 8.4 5.29 6.16 7.1 8.61 5.87 7.09 10.0
ASAS-RCB-18_clean.txt 0.0 5000.0 1.0 0.0 7.0 7.5 11.5 9.13 8.4 5.29 6.16 7.1 8.61 5.87 7.09 10.25
ASAS-RCB-18_clean.txt 0.0 5000.0 1.0 0.0 7.0 7.5 11.5 9.13 8.4 5.29 6.16 7.1 8.61 5.87 7.09 10.5
ASAS-RCB-18_clean.txt 0.0 5000.0 1.0 0.0 7.0 7.5 11.5 9.13 8.4 5.29 6.16 7.1 8.61 5.87 7.09 10.75
ASAS-RCB-18_clean.txt 0.0 5000.0 1.0 0.0 7.0 7.5 11.5 9.13 8.4 5.29 6.16 7.1 8.61 5.87 7.09 11.0
ASAS-RCB-18_clean.txt 0.0 5000.0 1.0 0.0 7.0 7.5 11.5 9.13 8.4 5.29 6.16 7.1 8.61 5.87 7.09 11.25
ASAS-RCB-18_clean.txt 0.0 5000.0 1.0 0.0 7.0 7.5 11.5 9.13 8.4 5.29 6.16 7.1 8.61 5.87 7.09 11.5
ASAS-RCB-18_clean.txt 0.0 5000.0 1.0 0.0 7.0 7.5 11.5 9.13 8.4 5.29 6.16 7.1 8.61 5.87 7.09 11.75
ASAS-RCB-18_clean.txt 0.0 5000.0 1.0 0.0 7.0 7.5 11.5 9.13 8.4 5.29 6.16 7.1 8.61 5.87 7.09 12.0
ASAS-RCB-18_clean.txt 0.0 5000.0 1.0 0.0 7.0 7.5 11.5 9.13 8.4 5.29 6.16 7.1 8.61 5.87 7.09 12.25
ASAS-RCB-18_clean.txt 0.0 5000.0 1.0 0.0 7.0 7.5 11.5 9.13 8.4 5.29 6.16 7.1 8.61 5.87 7.09 12.5
ASAS-RCB-18_clean.txt 0.0 5000.0 1.0 0.0 7.0 7.5 11.5 9.13 8.4 5.29 6.16 7.1 8.61 5.87 7.09 12.75
ASAS-RCB-18_clean.txt 0.0 5000.0 1.0 0.0 7.0 7.5 11.5 9.13 8.4 5.29 6.16 7.1 8.61 5.87 7.09 13.0
ASAS-RCB-18_clean.txt 0.0 5000.0 1.0 0.0 7.0 7.5 11.5 9.13 8.4 5.29 6.16 7.1 8.61 5.87 7.09 13.25
ASAS-RCB-18_clean.txt 0.0 5000.0 1.0 0.0 7.0 7.5 11.5 9.13 8.4 5.29 6.16 7.1 8.61 5.87 7.09 13.5
ASAS-RCB-18_clean.txt 0.0 5000.0 1.0 0.0 7.0 7.5 11.5 9.13 8.4 5.29 6.16 7.1 8.61 5.87 7.09 13.75
ASAS-RCB-18_clean.txt 0.0 5000.0 1.0 0.0 7.0 7.5 11.5 9.13 8.4 5.29 6.16 7.1 8.61 5.87 7.09 14.0
ASAS-RCB-18_clean.txt 0.0 5000.0 1.0 0.0 7.0 7.5 11.5 9.13 8.4 5.29 6.16 7.1 8.61 5.87 7.09 14.25
ASAS-RCB-18_clean.txt 0.0 5000.0 1.0 0.0 7.0 7.5 11.5 9.13 8.4 5.29 6.16 7.1 8.61 5.87 7.09 14.5
ASAS-RCB-18_clean.txt 0.0 5000.0 1.0 0.0 7.0 7.5 11.5 9.13 8.4 5.29 6.16 7.1 8.61 5.87 7.09 14.75
