22942.25  22939.0  22945.5
22947.4  22946.0  22948.8
22956.0  22954.0  22958.0
22966.0  22964.6  22967.4
22971.3  22969.5  22973.1
22978.5  22976.7  22980.3
22998.0  22996.0  23002.0
23006.2  23004.5  23007.9
23015.25  23013.9  23016.6
23304.5  23302.0  23307.0
23313.0  23310.0  23316.0
23362.1  23360.7  23363.5
23373.0  23371.5  23374.5
23642.6  23640.7  23644.5
24303.0  24301.5  24304.5
24330.2  24328.4  24332.0
24365.15  24364.0  24366.3
23496.00  23484.00  23508.00
23791.25  23772.50  23810.00
23818.90  23815.79  23822.00
23900.00  23897.00  23903.00
23989.50  23988.00  23991.00
24097.50  24089.00  24106.00
24115.50  24113.00  24118.00
24128.00  24123.50  24132.50
24236.50  24234.00  24239.00
24287.40  24284.79  24290.00
24312.50  24310.00  24315.00
24404.00  24393.00  24415.00
24430.65  24419.30  24442.00