; 
22937.75  22936.5  22939 16.01
23072.5  23070.5  23074.5 16.01     ;double
23199.5  23198  23201 16.01
23255.5  23253.5  23257.5 16.01     ;double, blend
23274.0  23272  23276 16.01         ;double
23373.0  23371.5  23374.5 16.01     ;wing blend N
23447.75  23446.5  23449 16.01
23476.045  23474.79  23477.3 16.01
23718.15  23717  23719.3 16.01      ;wing blend
23759.0  23757.5  23760.5 16.01     ;bad cont
23931.05  23929.9  23932.2 16.01    ;bad atmos, wing blend O18
24009.25  24008  24010.5 16.01      ;N blend
24035.25  24033.5  24037 16.01      ;bad line?
24065.55  24064.1  24067 16.01      ;N wing blend
24330.2  24328.4  24332 16.01
24365.15  24364  24366.3 16.01
24605.25  24604  24606.5 16.01
24651.2  24649.9  24652.5 16.01     ;bad cont
24683.35  24682  24684.7 16.01      ;bad cont
