23255.5    23253.5    23257.5
23274.0    23272.0    23276.0
23304.0    23302.0    23306.0
23313.5    23311.0    23316.0
23362.1    23360.7    23363.5
23373.0    23371.5    23374.5
23421.0    23419.79    23422.2
23447.75    23446.5    23449.0
23476.045    23474.79    23477.3
23718.15    23717.0    23719.3
23731.5    23730.0    23733.0
23759.0    23757.5    23760.5
23794.95    23793.6    23796.3
23799.0    23797.0    23801.0
23803.5    23802.0    23805.0
23878.5    23877.0    23880.0
24003.0    24001.0    24005.0
24016.25    24015.0    24017.5
24022.6    24020.6    24024.6
24035.25    24033.5    24037.0
24044.75    24043.5    24046.0
24059.5    24058.0    24061.0
24065.55    24064.1    24067.0
24099.75    24098.5    24101.0
24215.35    24210.7    24220.0
24285.75    24284.5    24287.0
24310.35    24305.7    24315.0
24330.2    24328.4    24332.0
24357.25    24355.5    24359.0
24365.15    24364.0    24366.3
24393.85    24392.0    24395.7
24589.75    24585.5    24594.0
24605.25    24604.0    24606.5
24721.0    24719.0    24723.0
24837.2    24836.0    24838.4
