23255.5  23253.5  23257.5
23261.3  23259.4  23263.2
23274.0  23272.0  23276.0
23280.0  23277.6  23282.4
23362.1  23360.7  23363.5
23373.0  23371.5  23374.5
23385.2  23383.2  23387.2
23421.0  23419.79  23422.2
23447.75  23446.5  23449.0
23476.045  23474.79  23477.3
23718.15  23717.0  23719.3
23731.5  23730.0  23733.0

24330.2  24328.4  24332.0

23304.00  23302.00  23306.00
23313.50  23311.00  23316.00

23614.50  23587.00  23642.00
23674.00  23673.00  23675.00
23987.50  23984.00  23991.00

23794.95  23793.6  23796.3
23799.00  23797.00  23801.00
23803.50  23802.00  23805.00
23808.50  23807.00  23810.00

23878.50  23877.00  24046.00
; 24059.50  24058.00  24061.00
; 24121.50  24119.00  24124.00
; 24166.25  24164.00  24168.50
; 24215.35  24210.70  24220.00
24310.35  24305.70  24315.00
; 24357.25  24355.50  24359.00
; 24589.75  24585.50  24594.00


24285.75  24284.5  24287.0
; 24299.0  24297.5  24300.5
24393.85  24392.0  24395.7
; 24576.0  24574.6  24577.4
; 24721.0  24719.0  24723.0
; 24837.2  24836.0  24838.4

24386.85  24381.70  24392.00
23500.00  23497.00  23526.00
24078.25  24073.50  24083.00
24386.85  24381.70  24392.00
23228.00  23225.00  23243.00
22930.50  22927.00  22940.00
23330.50  23320.00  23343.00