23256.25  23255.00  23257.50
23261.3  23259.4  23263.2
23274.50  23273.50  23275.50
23362.1  23360.7  23363.5
23373.0  23371.5  23374.5
23384.45  23383.90  23385.00
23351.60  23350.70  23352.50
23014.75  23014.00  23015.50
23823.00  23822.00  23824.00
24651.15  24650.00  24652.30

23421.0  23419.79  23422.2
23447.75  23446.5  23449.0
24605.25  24604.0  24606.5
23304.00  23302.00  23306.00
23313.00  23312.00  23314.00

23224.50  23219.50  23229.50

23879.50  23877.50  23881.50
23918.25  23916.00  23920.50
24166.25  24164.00  24168.50
24310.35  24305.70  24315.00
24589.75  24585.50  24594.00
24016.25  24015.0  24017.5
24099.75  24098.5  24101.0
24285.75  24284.5  24287.0
24299.0  24297.5  24300.5
24393.85  24392.0  24395.7

23488.50  23485.00  23492.00
23495.50  23494.50  23496.50
23539.20  23534.90  23543.50
23608.50  23607.00  23610.00
23647.50  23646.50  23648.50
23673.75  23673.00  23674.50
23795.00  23780.00  23810.00
23897.00  23895.00  23899.00
23930.25  23928.50  23932.00
23984.75  23984.00  23985.50
24078.25  24073.50  24083.00
24386.85  24381.70  24392.00
24248.00  24247.00  24249.00
