22940.75  22939  22942.5 16.01
22947.4  22946  22948.8 16.01
22966.0  22964.6  22967.4 16.01
22971.3  22969.5  22973.1 16.01
22978.5  22976.7  22980.3 16.01
23006.2  23004.5  23007.9 16.01
23015.25  23013.9  23016.6 16.01
23083.9  23082  23085.8 16.01
23118.9  23117  23120.8 16.01
23170.7  23169.7  23171.7 16.01
23261.3  23259.4  23263.2 16.01
23267.4  23265.5  23269.3 16.01
23280.0  23277.6  23282.4 16.01
23362.1  23360.7  23363.5 16.01
23385.2  23383.2  23387.2 16.01
23397.2  23395.2  23399.2 16.01
23421.0  23419.79  23422.2 16.01
23462.1  23460.3  23463.9 16.01
23731.5  23730  23733.0 16.01
24022.6  24020.6  24024.6 16.01
24065.55  24064.1  24067 16.01      ;N wing blend