23496.00  23484.00  23508.00
23791.25  23772.50  23810.00
23818.90  23815.79  23822.00
23900.00  23897.00  23903.00
23989.50  23988.00  23991.00
24097.50  24089.00  24106.00
24115.50  24113.00  24118.00
24128.00  24123.50  24132.50
24193.75  24192.00  24195.50
24204.00  24200.00  24208.00
24226.00  24223.00  24229.00
24236.50  24234.00  24239.00
24287.40  24284.79  24290.00
24312.50  24310.00  24315.00
24327.50  24325.00  24330.00
24357.50  24356.00  24359.00
24385.50  24382.00  24389.00
24404.00  24393.00  24415.00
24430.65  24419.30  24442.00
24510.00  24505.00  24515.00
24700.50  24693.00  24708.00
