;only 12C16O
23255.5  23253.5  23257.5
23261.3  23259.4  23263.2
; 23274.0  23272.0  23276.0 bad rcb
23362.1  23360.7  23363.5
23373.0  23371.5  23374.5
23421.0  23419.79  23422.2
23304.00  23302.00  23306.00
23313.50  23311.00  23316.00
23462.00  23460.20  23463.95 
24303.00  24301.50  24304.50
24310.35  24305.70  24315.00 bad in wisej
; mixed
23796.00  23790.00  23802.00
23818.90  23815.79  23822.00 bad in wisej
; 23878.50  23877.00  23880.00
23918.25  23916.00  23920.50
23989.50  23988.00  23991.00
24097.50  24089.00  24106.00
24115.50  24113.00  24118.00
24193.75  24192.00  24195.50
24204.00  24200.00  24208.00
24226.00  24223.00  24229.00
24236.50  24234.00  24239.00
; 24285.75  24284.5  24287.0 bad in nsv
; 24312.50  24310.00  24315.00 bad in wisej
24327.50  24325.00  24330.00 bas in wisej
24357.50  24356.00  24359.00
; 24385.50  24382.00  24389.00 bad in wisej
24404.00  24393.00  24415.00
24428.65  24419.30  24438.00
24510.00  24505.00  24515.00
; 24700.50  24693.00  24708.00