; 
23447.75  23446.5  23449 
23476.045  23474.79  23477.3 
; 23718.15  23717  23719.3       ;wing blend
; 23759.0  23757.5  23760.5      ;bad cont
24330.2  24328.4  24332 
24365.15  24364  24366.3 
; 24605.25  24604  24606.5 
; 24683.35  24682  24684.7       ;bad cont
22942.25  22939.00  22945.50
22947.4  22946  22948.8 
22956.00  22954.00  22958.00
22966.0  22964.6  22967.4 
22971.3  22969.5  22973.1 
22978.5  22976.7  22980.3 
22998.00  22996.00  23002.00
23006.2  23004.5  23007.9 
23015.25  23013.9  23016.6 
23023.50  23022.00  23025.00
23041.50  23039.00  23044.00
23295.50  23293.00  23298.00
23304.50  23302.00  23307.00
23313.00  23310.00  23316.00
23322.00  23320.00  23324.00
23341.25  23339.50  23343.00
23362.1  23360.7  23363.5 
23373.0  23371.5  23374.5      ;wing blend N
23384.25  23382.50  23386.00
23396.15  23394.70  23397.60
23421.10  23419.50  23422.70
23462.  23460.2  23463.95 
23642.60  23640.70  23644.50
24303.00  24301.50  24304.50
; 24640.75  24637.00  24644.50
; 23731.5  23730  23733.0 
