23023.50  23022.30  23024.70
23072.00  23071.00  23073.00
23118.20  23117.30  23119.10
23274.60  23273.60  23275.60
23447.75  23446.5  23449 
23476.045  23474.79  23477.3 
23759.0  23757.5  23760.5      ;bad cont
24605.25  24604  24606.5 
24683.35  24682  24684.7       ;bad cont
23295.50  23293.00  23298.00
23304.50  23302.00  23307.00
23322.00  23320.00  23324.00
23341.25  23339.50  23343.00
23362.1  23360.7  23363.5 
23373.0  23371.5  23374.5      ;wing blend N
24283.60  24282.60  24284.60
24063.50  24062.60  24064.40
23421.10  23419.50  23422.70
; 24640.75  24637.00  24644.50
; 22947.4  22946  22948.8 
; 22956.00  22954.00  22958.00
; 22971.3  22969.5  22973.1 
; 22978.5  22976.7  22980.3 
; 22998.00  22996.50  23002.00
; 23006.2  23004.5  23007.9 
; 23015.25  23013.9  23016.6 