#name_of_spectrum_to_fit rv teff logg [Fe/H] Input_vmicroturb A(H) A(He) A(C) A(N) A(O) A(Fe) A(Mg) oisorat
B42_clean.txt 0.0 5500.0 1.0 0.0 6.0 7.5 11.5 9.869 9.267 8.8 7.3 7.75 0.3
B42_clean.txt 0.0 5500.0 1.0 0.0 6.0 7.5 11.5 9.869 9.267 8.8 7.3 7.75 0.3
B42_clean.txt 0.0 5500.0 1.0 0.0 6.0 7.5 11.5 9.869 9.267 8.8 7.3 7.75 0.3
B42_clean.txt 0.0 5500.0 1.0 0.0 6.0 7.5 11.5 9.869 9.267 8.8 7.3 7.75 0.3
B42_clean.txt 0.0 5500.0 1.0 0.0 6.0 7.5 11.5 9.869 9.267 8.8 7.3 7.75 0.325
B42_clean.txt 0.0 5500.0 1.0 0.0 6.0 7.5 11.5 9.869 9.267 8.8 7.3 7.75 0.325
B42_clean.txt 0.0 5500.0 1.0 0.0 6.0 7.5 11.5 9.869 9.267 8.8 7.3 7.75 0.325
B42_clean.txt 0.0 5500.0 1.0 0.0 6.0 7.5 11.5 9.869 9.267 8.8 7.3 7.75 0.325
B42_clean.txt 0.0 5500.0 1.0 0.0 6.0 7.5 11.5 9.869 9.267 8.8 7.3 7.75 0.35
B42_clean.txt 0.0 5500.0 1.0 0.0 6.0 7.5 11.5 9.869 9.267 8.8 7.3 7.75 0.35
B42_clean.txt 0.0 5500.0 1.0 0.0 6.0 7.5 11.5 9.869 9.267 8.8 7.3 7.75 0.35
B42_clean.txt 0.0 5500.0 1.0 0.0 6.0 7.5 11.5 9.869 9.267 8.8 7.3 7.75 0.35
B42_clean.txt 0.0 5500.0 1.0 0.0 6.0 7.5 11.5 9.869 9.267 8.8 7.3 7.75 0.375
B42_clean.txt 0.0 5500.0 1.0 0.0 6.0 7.5 11.5 9.869 9.267 8.8 7.3 7.75 0.375
B42_clean.txt 0.0 5500.0 1.0 0.0 6.0 7.5 11.5 9.869 9.267 8.8 7.3 7.75 0.375
B42_clean.txt 0.0 5500.0 1.0 0.0 6.0 7.5 11.5 9.869 9.267 8.8 7.3 7.75 0.375
B42_clean.txt 0.0 5500.0 1.0 0.0 6.0 7.5 11.5 9.869 9.267 8.8 7.3 7.75 0.4
B42_clean.txt 0.0 5500.0 1.0 0.0 6.0 7.5 11.5 9.869 9.267 8.8 7.3 7.75 0.4
B42_clean.txt 0.0 5500.0 1.0 0.0 6.0 7.5 11.5 9.869 9.267 8.8 7.3 7.75 0.4
B42_clean.txt 0.0 5500.0 1.0 0.0 6.0 7.5 11.5 9.869 9.267 8.8 7.3 7.75 0.4
B42_clean.txt 0.0 5500.0 1.0 0.0 6.0 7.5 11.5 9.869 9.267 8.8 7.3 7.75 0.425
B42_clean.txt 0.0 5500.0 1.0 0.0 6.0 7.5 11.5 9.869 9.267 8.8 7.3 7.75 0.425
B42_clean.txt 0.0 5500.0 1.0 0.0 6.0 7.5 11.5 9.869 9.267 8.8 7.3 7.75 0.425
B42_clean.txt 0.0 5500.0 1.0 0.0 6.0 7.5 11.5 9.869 9.267 8.8 7.3 7.75 0.425
B42_clean.txt 0.0 5500.0 1.0 0.0 6.0 7.5 11.5 9.869 9.267 8.8 7.3 7.75 0.45
B42_clean.txt 0.0 5500.0 1.0 0.0 6.0 7.5 11.5 9.869 9.267 8.8 7.3 7.75 0.45
B42_clean.txt 0.0 5500.0 1.0 0.0 6.0 7.5 11.5 9.869 9.267 8.8 7.3 7.75 0.45
B42_clean.txt 0.0 5500.0 1.0 0.0 6.0 7.5 11.5 9.869 9.267 8.8 7.3 7.75 0.45
B42_clean.txt 0.0 5500.0 1.0 0.0 6.0 7.5 11.5 9.869 9.267 8.8 7.3 7.75 0.475
B42_clean.txt 0.0 5500.0 1.0 0.0 6.0 7.5 11.5 9.869 9.267 8.8 7.3 7.75 0.475
B42_clean.txt 0.0 5500.0 1.0 0.0 6.0 7.5 11.5 9.869 9.267 8.8 7.3 7.75 0.475
B42_clean.txt 0.0 5500.0 1.0 0.0 6.0 7.5 11.5 9.869 9.267 8.8 7.3 7.75 0.475
B42_clean.txt 0.0 5500.0 1.0 0.0 6.0 7.5 11.5 9.869 9.267 8.8 7.3 7.75 0.5
B42_clean.txt 0.0 5500.0 1.0 0.0 6.0 7.5 11.5 9.869 9.267 8.8 7.3 7.75 0.5
B42_clean.txt 0.0 5500.0 1.0 0.0 6.0 7.5 11.5 9.869 9.267 8.8 7.3 7.75 0.5
B42_clean.txt 0.0 5500.0 1.0 0.0 6.0 7.5 11.5 9.869 9.267 8.8 7.3 7.75 0.5
B42_clean.txt 0.0 5500.0 1.0 0.0 6.0 7.5 11.5 9.869 9.267 8.8 7.3 7.75 0.525
B42_clean.txt 0.0 5500.0 1.0 0.0 6.0 7.5 11.5 9.869 9.267 8.8 7.3 7.75 0.525
B42_clean.txt 0.0 5500.0 1.0 0.0 6.0 7.5 11.5 9.869 9.267 8.8 7.3 7.75 0.525
B42_clean.txt 0.0 5500.0 1.0 0.0 6.0 7.5 11.5 9.869 9.267 8.8 7.3 7.75 0.525
B42_clean.txt 0.0 5500.0 1.0 0.0 6.0 7.5 11.5 9.869 9.267 8.8 7.3 7.75 0.55
B42_clean.txt 0.0 5500.0 1.0 0.0 6.0 7.5 11.5 9.869 9.267 8.8 7.3 7.75 0.55
B42_clean.txt 0.0 5500.0 1.0 0.0 6.0 7.5 11.5 9.869 9.267 8.8 7.3 7.75 0.55
B42_clean.txt 0.0 5500.0 1.0 0.0 6.0 7.5 11.5 9.869 9.267 8.8 7.3 7.75 0.55
B42_clean.txt 0.0 5500.0 1.0 0.0 6.0 7.5 11.5 9.869 9.267 8.8 7.3 7.75 0.575
B42_clean.txt 0.0 5500.0 1.0 0.0 6.0 7.5 11.5 9.869 9.267 8.8 7.3 7.75 0.575
B42_clean.txt 0.0 5500.0 1.0 0.0 6.0 7.5 11.5 9.869 9.267 8.8 7.3 7.75 0.575
B42_clean.txt 0.0 5500.0 1.0 0.0 6.0 7.5 11.5 9.869 9.267 8.8 7.3 7.75 0.575
B42_clean.txt 0.0 5500.0 1.0 0.0 6.0 7.5 11.5 9.869 9.267 8.8 7.3 7.75 0.6
B42_clean.txt 0.0 5500.0 1.0 0.0 6.0 7.5 11.5 9.869 9.267 8.8 7.3 7.75 0.6
B42_clean.txt 0.0 5500.0 1.0 0.0 6.0 7.5 11.5 9.869 9.267 8.8 7.3 7.75 0.6
B42_clean.txt 0.0 5500.0 1.0 0.0 6.0 7.5 11.5 9.869 9.267 8.8 7.3 7.75 0.6
B42_clean.txt 0.0 5500.0 1.0 0.0 6.0 7.5 11.5 9.869 9.267 8.8 7.3 7.75 0.625
B42_clean.txt 0.0 5500.0 1.0 0.0 6.0 7.5 11.5 9.869 9.267 8.8 7.3 7.75 0.625
B42_clean.txt 0.0 5500.0 1.0 0.0 6.0 7.5 11.5 9.869 9.267 8.8 7.3 7.75 0.625
B42_clean.txt 0.0 5500.0 1.0 0.0 6.0 7.5 11.5 9.869 9.267 8.8 7.3 7.75 0.625
B42_clean.txt 0.0 5500.0 1.0 0.0 6.0 7.5 11.5 9.869 9.267 8.8 7.3 7.75 0.65
B42_clean.txt 0.0 5500.0 1.0 0.0 6.0 7.5 11.5 9.869 9.267 8.8 7.3 7.75 0.65
B42_clean.txt 0.0 5500.0 1.0 0.0 6.0 7.5 11.5 9.869 9.267 8.8 7.3 7.75 0.65
B42_clean.txt 0.0 5500.0 1.0 0.0 6.0 7.5 11.5 9.869 9.267 8.8 7.3 7.75 0.65
B42_clean.txt 0.0 5500.0 1.0 0.0 6.0 7.5 11.5 9.869 9.267 8.8 7.3 7.75 0.675
B42_clean.txt 0.0 5500.0 1.0 0.0 6.0 7.5 11.5 9.869 9.267 8.8 7.3 7.75 0.675
B42_clean.txt 0.0 5500.0 1.0 0.0 6.0 7.5 11.5 9.869 9.267 8.8 7.3 7.75 0.675
B42_clean.txt 0.0 5500.0 1.0 0.0 6.0 7.5 11.5 9.869 9.267 8.8 7.3 7.75 0.675
B42_clean.txt 0.0 5500.0 1.0 0.0 6.0 7.5 11.5 9.869 9.267 8.8 7.3 7.75 0.7
B42_clean.txt 0.0 5500.0 1.0 0.0 6.0 7.5 11.5 9.869 9.267 8.8 7.3 7.75 0.7
B42_clean.txt 0.0 5500.0 1.0 0.0 6.0 7.5 11.5 9.869 9.267 8.8 7.3 7.75 0.7
B42_clean.txt 0.0 5500.0 1.0 0.0 6.0 7.5 11.5 9.869 9.267 8.8 7.3 7.75 0.7
B42_clean.txt 0.0 5500.0 1.0 0.0 6.0 7.5 11.5 9.869 9.267 8.8 7.3 7.75 0.725
B42_clean.txt 0.0 5500.0 1.0 0.0 6.0 7.5 11.5 9.869 9.267 8.8 7.3 7.75 0.725
B42_clean.txt 0.0 5500.0 1.0 0.0 6.0 7.5 11.5 9.869 9.267 8.8 7.3 7.75 0.725
B42_clean.txt 0.0 5500.0 1.0 0.0 6.0 7.5 11.5 9.869 9.267 8.8 7.3 7.75 0.725
B42_clean.txt 0.0 5500.0 1.0 0.0 6.0 7.5 11.5 9.869 9.267 8.8 7.3 7.75 0.75
B42_clean.txt 0.0 5500.0 1.0 0.0 6.0 7.5 11.5 9.869 9.267 8.8 7.3 7.75 0.75
B42_clean.txt 0.0 5500.0 1.0 0.0 6.0 7.5 11.5 9.869 9.267 8.8 7.3 7.75 0.75
B42_clean.txt 0.0 5500.0 1.0 0.0 6.0 7.5 11.5 9.869 9.267 8.8 7.3 7.75 0.75
B42_clean.txt 0.0 5500.0 1.0 0.0 6.0 7.5 11.5 9.869 9.267 8.8 7.3 7.75 0.775
B42_clean.txt 0.0 5500.0 1.0 0.0 6.0 7.5 11.5 9.869 9.267 8.8 7.3 7.75 0.775
B42_clean.txt 0.0 5500.0 1.0 0.0 6.0 7.5 11.5 9.869 9.267 8.8 7.3 7.75 0.775
B42_clean.txt 0.0 5500.0 1.0 0.0 6.0 7.5 11.5 9.869 9.267 8.8 7.3 7.75 0.775
B42_clean.txt 0.0 5500.0 1.0 0.0 6.0 7.5 11.5 9.869 9.267 8.8 7.3 7.75 0.8
B42_clean.txt 0.0 5500.0 1.0 0.0 6.0 7.5 11.5 9.869 9.267 8.8 7.3 7.75 0.8
B42_clean.txt 0.0 5500.0 1.0 0.0 6.0 7.5 11.5 9.869 9.267 8.8 7.3 7.75 0.8
B42_clean.txt 0.0 5500.0 1.0 0.0 6.0 7.5 11.5 9.869 9.267 8.8 7.3 7.75 0.8
B42_clean.txt 0.0 5500.0 1.0 0.0 6.0 7.5 11.5 9.869 9.267 8.8 7.3 7.75 0.825
B42_clean.txt 0.0 5500.0 1.0 0.0 6.0 7.5 11.5 9.869 9.267 8.8 7.3 7.75 0.825
B42_clean.txt 0.0 5500.0 1.0 0.0 6.0 7.5 11.5 9.869 9.267 8.8 7.3 7.75 0.825
B42_clean.txt 0.0 5500.0 1.0 0.0 6.0 7.5 11.5 9.869 9.267 8.8 7.3 7.75 0.825
B42_clean.txt 0.0 5500.0 1.0 0.0 6.0 7.5 11.5 9.869 9.267 8.8 7.3 7.75 0.85
B42_clean.txt 0.0 5500.0 1.0 0.0 6.0 7.5 11.5 9.869 9.267 8.8 7.3 7.75 0.85
B42_clean.txt 0.0 5500.0 1.0 0.0 6.0 7.5 11.5 9.869 9.267 8.8 7.3 7.75 0.85
B42_clean.txt 0.0 5500.0 1.0 0.0 6.0 7.5 11.5 9.869 9.267 8.8 7.3 7.75 0.85
B42_clean.txt 0.0 5500.0 1.0 0.0 6.0 7.5 11.5 9.869 9.267 8.8 7.3 7.75 0.875
B42_clean.txt 0.0 5500.0 1.0 0.0 6.0 7.5 11.5 9.869 9.267 8.8 7.3 7.75 0.875
B42_clean.txt 0.0 5500.0 1.0 0.0 6.0 7.5 11.5 9.869 9.267 8.8 7.3 7.75 0.875
B42_clean.txt 0.0 5500.0 1.0 0.0 6.0 7.5 11.5 9.869 9.267 8.8 7.3 7.75 0.875
B42_clean.txt 0.0 5500.0 1.0 0.0 6.0 7.5 11.5 9.869 9.267 8.8 7.3 7.75 0.9
B42_clean.txt 0.0 5500.0 1.0 0.0 6.0 7.5 11.5 9.869 9.267 8.8 7.3 7.75 0.9
B42_clean.txt 0.0 5500.0 1.0 0.0 6.0 7.5 11.5 9.869 9.267 8.8 7.3 7.75 0.9
B42_clean.txt 0.0 5500.0 1.0 0.0 6.0 7.5 11.5 9.869 9.267 8.8 7.3 7.75 0.9
