22580.25  22578.50  22582.00
22633.25  22631.00  22635.50
22659.15  22657.00  22661.30
22673.30  22672.00  22674.60
22680.5  22678.5  22682.5
22703  22701.5  22704.5           ;double
22718.9  22717.5  22720.3 
22730.25  22727.00  22733.50
22766.2  22764.7  22767.7
22817.75  22816.5  22819
22881.75  22878.50  22885.00
22895.50  22894.00  22897.00
22915.50  22913.50  22917.50
22924.5  22923  22926 
22995.0  22994  22996
23027.50  23025.00  23030.00
23067.25  23065  23069.5          ;double
23077.50  23074.50  23080.50       
23101.85  23100.79  23102.9 
23111.75  23110.50  23113.00
23336.85  23334.00  23339.70
23301.00  23300.00  23302.00
24019.2  24017.9  24020.5 
24054.65  24053.5  24055.8 
23934.25  23933.00  23935.50
24071.45  24069.30  24073.60