22587.95    22586.0    22589.9
22593.85    22589.9    22597.8
22598.75    22597.5    22600.0
22613.8    22611.0    22616.6
22617.2    22616.4    22618.0
22634.0    22631.0    22637.0
22659.4    22656.79    22662.0
22673.4    22672.0    22674.8
22676.4    22675.0    22677.8
22680.5    22678.5    22682.5
22691.75    22689.5    22694.0
22703.0    22701.5    22704.5
22713.25    22710.5    22716.0
22718.9    22717.5    22720.3
22728.25    22727.0    22729.5
22730.4    22729.3    22731.5
22732.25    22731.5    22733.0
22743.5    22742.0    22745.0
22747.75    22746.5    22749.0
22754.0    22752.5    22755.5
22766.2    22764.7    22767.7
22773.25    22771.0    22775.5
22783.3    22781.0    22785.6
22798.85    22797.7    22800.0
22817.75    22816.5    22819.0
22879.5    22877.0    22882.0
22883.5    22882.0    22885.0
22895.75    22894.0    22897.5
22899.0    22897.7    22900.3
22909.55    22907.6    22911.5
22915.25    22913.0    22917.5
22920.0    22918.5    22921.3
22924.5    22923.0    22926.0
22995.0    22994.0    22996.0
23067.25    23065.0    23069.5
23079.25    23078.0    23080.5
23101.85    23100.79    23102.9
23190.9    23189.4    23192.4
23338.25    23336.5    23340.0
23414.7    23413.7    23415.7