 22580.0  22577  22583 14.01 
; 22659.4  22656.79  22662 14.01          ;multiple lines

; 23101.85  23100.79  23102.9 14.01


; 22663.5  22662  22665 14.01
; 22673.4  22672  22674.8 14.01
; 22676.4  22675  22677.8 14.01
; 22680.5  22678.5  22682.5 14.01        ;double line
; 22691.75  22689.5  22694 14.01         ;double
; 22703  22701.5  22704.5 14.01          ;double
; 22713.25  22710.5  22716 14.01         ;double
; 22718.9  22717.5  22720.3 14.01
; 22728.25  22727  22729.5 14.01
; 22730.4  22729.3  22731.5 14.01
; 22732.25  22731.5  22733 14.01