 ;fails 22555.5  22553.8  22556.8 14.01
 ;fails 22560.4  22558.8  22562 14.01
 ;fails 22580.0  22577  22583 14.01             ;multiple lines
 22587.95  22586  22589.9 14.01          ;double line
 22593.85  22589.9  22597.8 14.01       ;multiple line
 22598.75  22597.5  22600 14.01
 22613.8  22611  22616.6 14.01          ;double line
 22617.2  22616.4  22618 14.01
 22634.0  22631  22637 14.01            ;multiple lines
 22659.4  22656.79  22662 14.01          ;multiple lines 
 22663.5  22662  22665 14.01
 22673.4  22672  22674.8 14.01
 22676.4  22675  22677.8 14.01
 22680.5  22678.5  22682.5 14.01        ;double line
 22691.75  22689.5  22694 14.01         ;double
 22703  22701.5  22704.5 14.01          ;double
 22713.25  22710.5  22716 14.01         ;double
 22718.9  22717.5  22720.3 14.01
 22728.25  22727  22729.5 14.01
 22730.4  22729.3  22731.5 14.01
 22732.25  22731.5  22733 14.01
 22743.5  22742  22745 14.01
 22747.75  22746.5  22749 14.01
 22754.0  22752.5  22755.5 14.01
 22766.2  22764.7  22767.7 14.01
 22773.25  22771  22775.5 14.01         ;double
 22783.3  22781  22785.6 14.01          ;multiple
 22789.35  22787.2  22791.5 14.01       ;double
 22798.85  22797.7  22800 14.01
 22817.75  22816.5  22819 14.01
 22879.5  22877  22882 14.01            ;blend?
 22883.5  22882  22885 14.01            ;blend?
 22895.75  22894  22897.5 14.01         ;blend?
 22899.0  22897.7  22900.3 14.01
 22915.25  22913  22917.5 14.01         ;double
 22909.55  22907.6  22911.5 14.01       ;blend?
 22920  22918.5  22921.3 14.01          ;weak
 22995.0  22994  22996 14.01            ;weak
 22924.5  22923  22926 14.01
 23028.35  23025  23031.7 14.01         ;multiple, blend?
 23067.25  23065  23069.5 14.01         ;double
 23079.25  23078  23080.5 14.01         ;weak, artifact?
 23101.85  23100.79  23102.9 14.01
 23190.9  23189.4  23192.4 14.01
 23292.6  23291.5  23293.7 14.01
 23338.25  23336.5  23340 14.01
 23414.7  23413.7  23415.7 14.01
 23417.8  23416.7  23418.9 14.01
 23655.35  23653.5  23657.2 14.01       ;double
 24019.2  24017.9  24020.5 14.01
 24054.65  24053.5  24055.8 14.01