22580.25  22578.50  22582.00
22632.75  22631.00  22634.50
22659.60  22657.90  22661.30
22673.30  22672.00  22674.60
22680.5  22678.5  22682.5
22718.9  22717.5  22720.3 
22729.50  22727.00  22732.00
22754.00  22752.00  22756.00
22817.75  22816.5  22819
22783.25  22781.00  22785.50
22828.00  22826.00  22830.00
22881.75  22878.50  22885.00
22895.50  22894.00  22897.00
22915.50  22913.50  22917.50
22924.5  22923  22926 
22995.0  22994  22996
; 23027.50  23025.00  23030.00
23077.50  23074.50  23080.50       
23101.85  23100.79  23102.9 
23111.75  23110.50  23113.00
23202.75  23201.50  23204.00
23392.50  23391.50  23393.50
23336.85  23334.00  23339.70
23301.00  23300.00  23302.00
24019.2  24017.9  24020.5 
24054.65  24053.5  24055.8 
24071.45  24069.30  24073.60
22691.25  22689.00  22693.50
22713.25  22711.00  22715.50
22789.50  22787.00  22792.00
22883.95  22878.00  22889.90
23011.00  23008.50  23013.50

