#name_of_spectrum_to_fit rv teff logg [Fe/H] Input_vmicroturb A(H) A(He) A(C) A(O) A(Na) A(S) A(Fe) A(N) A(Ca) A(Si) A(Mg) A(Co) A(Ti) oisorat
WISEJ1942_clean.txt 0.0 4500.0 1.0 0.0 7.0 7.5 11.5 8.45 7.5 5.29 6.16 6.5 6.97 5.37 6.59 6.55 3.95 3.94 20
WISEJ1942_clean.txt 0.0 4500.0 1.0 0.0 7.0 7.5 11.5 8.45 7.5 5.29 6.16 6.5 6.97 5.37 6.59 6.55 3.95 3.94 20
WISEJ1942_clean.txt 0.0 4500.0 1.0 0.0 7.0 7.5 11.5 8.45 7.5 5.29 6.16 6.5 6.97 5.37 6.59 6.55 3.95 3.94 20
WISEJ1942_clean.txt 0.0 4500.0 1.0 0.0 7.0 7.5 11.5 8.45 7.5 5.29 6.16 6.5 6.97 5.37 6.59 6.55 3.95 3.94 20
WISEJ1942_clean.txt 0.0 4500.0 1.0 0.0 7.0 7.5 11.5 8.45 7.5 5.29 6.16 6.5 6.97 5.37 6.59 6.55 3.95 3.94 20
WISEJ1942_clean.txt 0.0 4500.0 1.0 0.0 7.0 7.5 11.5 8.45 7.5 5.29 6.16 6.5 6.97 5.37 6.59 6.55 3.95 3.94 20
WISEJ1942_clean.txt 0.0 4500.0 1.0 0.0 7.0 7.5 11.5 8.45 7.5 5.29 6.16 6.5 6.97 5.37 6.59 6.55 3.95 3.94 20
WISEJ1942_clean.txt 0.0 4500.0 1.0 0.0 7.0 7.5 11.5 8.45 7.5 5.29 6.16 6.5 6.97 5.37 6.59 6.55 3.95 3.94 20
WISEJ1942_clean.txt 0.0 4500.0 1.0 0.0 7.0 7.5 11.5 8.45 7.5 5.29 6.16 6.5 6.97 5.37 6.59 6.55 3.95 3.94 20
WISEJ1942_clean.txt 0.0 4500.0 1.0 0.0 7.0 7.5 11.5 8.45 7.5 5.29 6.16 6.5 6.97 5.37 6.59 6.55 3.95 3.94 20
WISEJ1942_clean.txt 0.0 4500.0 1.0 0.0 7.0 7.5 11.5 8.45 7.5 5.29 6.16 6.5 6.97 5.37 6.59 6.55 3.95 3.94 30
WISEJ1942_clean.txt 0.0 4500.0 1.0 0.0 7.0 7.5 11.5 8.45 7.5 5.29 6.16 6.5 6.97 5.37 6.59 6.55 3.95 3.94 30
WISEJ1942_clean.txt 0.0 4500.0 1.0 0.0 7.0 7.5 11.5 8.45 7.5 5.29 6.16 6.5 6.97 5.37 6.59 6.55 3.95 3.94 30
WISEJ1942_clean.txt 0.0 4500.0 1.0 0.0 7.0 7.5 11.5 8.45 7.5 5.29 6.16 6.5 6.97 5.37 6.59 6.55 3.95 3.94 30
WISEJ1942_clean.txt 0.0 4500.0 1.0 0.0 7.0 7.5 11.5 8.45 7.5 5.29 6.16 6.5 6.97 5.37 6.59 6.55 3.95 3.94 30
WISEJ1942_clean.txt 0.0 4500.0 1.0 0.0 7.0 7.5 11.5 8.45 7.5 5.29 6.16 6.5 6.97 5.37 6.59 6.55 3.95 3.94 30
WISEJ1942_clean.txt 0.0 4500.0 1.0 0.0 7.0 7.5 11.5 8.45 7.5 5.29 6.16 6.5 6.97 5.37 6.59 6.55 3.95 3.94 30
WISEJ1942_clean.txt 0.0 4500.0 1.0 0.0 7.0 7.5 11.5 8.45 7.5 5.29 6.16 6.5 6.97 5.37 6.59 6.55 3.95 3.94 30
WISEJ1942_clean.txt 0.0 4500.0 1.0 0.0 7.0 7.5 11.5 8.45 7.5 5.29 6.16 6.5 6.97 5.37 6.59 6.55 3.95 3.94 30
WISEJ1942_clean.txt 0.0 4500.0 1.0 0.0 7.0 7.5 11.5 8.45 7.5 5.29 6.16 6.5 6.97 5.37 6.59 6.55 3.95 3.94 30
WISEJ1942_clean.txt 0.0 4500.0 1.0 0.0 7.0 7.5 11.5 8.45 7.5 5.29 6.16 6.5 6.97 5.37 6.59 6.55 3.95 3.94 40
WISEJ1942_clean.txt 0.0 4500.0 1.0 0.0 7.0 7.5 11.5 8.45 7.5 5.29 6.16 6.5 6.97 5.37 6.59 6.55 3.95 3.94 40
WISEJ1942_clean.txt 0.0 4500.0 1.0 0.0 7.0 7.5 11.5 8.45 7.5 5.29 6.16 6.5 6.97 5.37 6.59 6.55 3.95 3.94 40
WISEJ1942_clean.txt 0.0 4500.0 1.0 0.0 7.0 7.5 11.5 8.45 7.5 5.29 6.16 6.5 6.97 5.37 6.59 6.55 3.95 3.94 40
WISEJ1942_clean.txt 0.0 4500.0 1.0 0.0 7.0 7.5 11.5 8.45 7.5 5.29 6.16 6.5 6.97 5.37 6.59 6.55 3.95 3.94 40
WISEJ1942_clean.txt 0.0 4500.0 1.0 0.0 7.0 7.5 11.5 8.45 7.5 5.29 6.16 6.5 6.97 5.37 6.59 6.55 3.95 3.94 40
WISEJ1942_clean.txt 0.0 4500.0 1.0 0.0 7.0 7.5 11.5 8.45 7.5 5.29 6.16 6.5 6.97 5.37 6.59 6.55 3.95 3.94 40
WISEJ1942_clean.txt 0.0 4500.0 1.0 0.0 7.0 7.5 11.5 8.45 7.5 5.29 6.16 6.5 6.97 5.37 6.59 6.55 3.95 3.94 40
WISEJ1942_clean.txt 0.0 4500.0 1.0 0.0 7.0 7.5 11.5 8.45 7.5 5.29 6.16 6.5 6.97 5.37 6.59 6.55 3.95 3.94 40
WISEJ1942_clean.txt 0.0 4500.0 1.0 0.0 7.0 7.5 11.5 8.45 7.5 5.29 6.16 6.5 6.97 5.37 6.59 6.55 3.95 3.94 40
WISEJ1942_clean.txt 0.0 4500.0 1.0 0.0 7.0 7.5 11.5 8.45 7.5 5.29 6.16 6.5 6.97 5.37 6.59 6.55 3.95 3.94 50
WISEJ1942_clean.txt 0.0 4500.0 1.0 0.0 7.0 7.5 11.5 8.45 7.5 5.29 6.16 6.5 6.97 5.37 6.59 6.55 3.95 3.94 50
WISEJ1942_clean.txt 0.0 4500.0 1.0 0.0 7.0 7.5 11.5 8.45 7.5 5.29 6.16 6.5 6.97 5.37 6.59 6.55 3.95 3.94 50
WISEJ1942_clean.txt 0.0 4500.0 1.0 0.0 7.0 7.5 11.5 8.45 7.5 5.29 6.16 6.5 6.97 5.37 6.59 6.55 3.95 3.94 50
WISEJ1942_clean.txt 0.0 4500.0 1.0 0.0 7.0 7.5 11.5 8.45 7.5 5.29 6.16 6.5 6.97 5.37 6.59 6.55 3.95 3.94 50
WISEJ1942_clean.txt 0.0 4500.0 1.0 0.0 7.0 7.5 11.5 8.45 7.5 5.29 6.16 6.5 6.97 5.37 6.59 6.55 3.95 3.94 50
WISEJ1942_clean.txt 0.0 4500.0 1.0 0.0 7.0 7.5 11.5 8.45 7.5 5.29 6.16 6.5 6.97 5.37 6.59 6.55 3.95 3.94 50
WISEJ1942_clean.txt 0.0 4500.0 1.0 0.0 7.0 7.5 11.5 8.45 7.5 5.29 6.16 6.5 6.97 5.37 6.59 6.55 3.95 3.94 50
WISEJ1942_clean.txt 0.0 4500.0 1.0 0.0 7.0 7.5 11.5 8.45 7.5 5.29 6.16 6.5 6.97 5.37 6.59 6.55 3.95 3.94 50
WISEJ1942_clean.txt 0.0 4500.0 1.0 0.0 7.0 7.5 11.5 8.45 7.5 5.29 6.16 6.5 6.97 5.37 6.59 6.55 3.95 3.94 50
WISEJ1942_clean.txt 0.0 4500.0 1.0 0.0 7.0 7.5 11.5 8.45 7.5 5.29 6.16 6.5 6.97 5.37 6.59 6.55 3.95 3.94 60
WISEJ1942_clean.txt 0.0 4500.0 1.0 0.0 7.0 7.5 11.5 8.45 7.5 5.29 6.16 6.5 6.97 5.37 6.59 6.55 3.95 3.94 60
WISEJ1942_clean.txt 0.0 4500.0 1.0 0.0 7.0 7.5 11.5 8.45 7.5 5.29 6.16 6.5 6.97 5.37 6.59 6.55 3.95 3.94 60
WISEJ1942_clean.txt 0.0 4500.0 1.0 0.0 7.0 7.5 11.5 8.45 7.5 5.29 6.16 6.5 6.97 5.37 6.59 6.55 3.95 3.94 60
WISEJ1942_clean.txt 0.0 4500.0 1.0 0.0 7.0 7.5 11.5 8.45 7.5 5.29 6.16 6.5 6.97 5.37 6.59 6.55 3.95 3.94 60
WISEJ1942_clean.txt 0.0 4500.0 1.0 0.0 7.0 7.5 11.5 8.45 7.5 5.29 6.16 6.5 6.97 5.37 6.59 6.55 3.95 3.94 60
WISEJ1942_clean.txt 0.0 4500.0 1.0 0.0 7.0 7.5 11.5 8.45 7.5 5.29 6.16 6.5 6.97 5.37 6.59 6.55 3.95 3.94 60
WISEJ1942_clean.txt 0.0 4500.0 1.0 0.0 7.0 7.5 11.5 8.45 7.5 5.29 6.16 6.5 6.97 5.37 6.59 6.55 3.95 3.94 60
WISEJ1942_clean.txt 0.0 4500.0 1.0 0.0 7.0 7.5 11.5 8.45 7.5 5.29 6.16 6.5 6.97 5.37 6.59 6.55 3.95 3.94 60
WISEJ1942_clean.txt 0.0 4500.0 1.0 0.0 7.0 7.5 11.5 8.45 7.5 5.29 6.16 6.5 6.97 5.37 6.59 6.55 3.95 3.94 60
WISEJ1942_clean.txt 0.0 4500.0 1.0 0.0 7.0 7.5 11.5 8.45 7.5 5.29 6.16 6.5 6.97 5.37 6.59 6.55 3.95 3.94 70
WISEJ1942_clean.txt 0.0 4500.0 1.0 0.0 7.0 7.5 11.5 8.45 7.5 5.29 6.16 6.5 6.97 5.37 6.59 6.55 3.95 3.94 70
WISEJ1942_clean.txt 0.0 4500.0 1.0 0.0 7.0 7.5 11.5 8.45 7.5 5.29 6.16 6.5 6.97 5.37 6.59 6.55 3.95 3.94 70
WISEJ1942_clean.txt 0.0 4500.0 1.0 0.0 7.0 7.5 11.5 8.45 7.5 5.29 6.16 6.5 6.97 5.37 6.59 6.55 3.95 3.94 70
WISEJ1942_clean.txt 0.0 4500.0 1.0 0.0 7.0 7.5 11.5 8.45 7.5 5.29 6.16 6.5 6.97 5.37 6.59 6.55 3.95 3.94 70
WISEJ1942_clean.txt 0.0 4500.0 1.0 0.0 7.0 7.5 11.5 8.45 7.5 5.29 6.16 6.5 6.97 5.37 6.59 6.55 3.95 3.94 70
WISEJ1942_clean.txt 0.0 4500.0 1.0 0.0 7.0 7.5 11.5 8.45 7.5 5.29 6.16 6.5 6.97 5.37 6.59 6.55 3.95 3.94 70
WISEJ1942_clean.txt 0.0 4500.0 1.0 0.0 7.0 7.5 11.5 8.45 7.5 5.29 6.16 6.5 6.97 5.37 6.59 6.55 3.95 3.94 70
WISEJ1942_clean.txt 0.0 4500.0 1.0 0.0 7.0 7.5 11.5 8.45 7.5 5.29 6.16 6.5 6.97 5.37 6.59 6.55 3.95 3.94 70
WISEJ1942_clean.txt 0.0 4500.0 1.0 0.0 7.0 7.5 11.5 8.45 7.5 5.29 6.16 6.5 6.97 5.37 6.59 6.55 3.95 3.94 70
WISEJ1942_clean.txt 0.0 4500.0 1.0 0.0 7.0 7.5 11.5 8.45 7.5 5.29 6.16 6.5 6.97 5.37 6.59 6.55 3.95 3.94 80
WISEJ1942_clean.txt 0.0 4500.0 1.0 0.0 7.0 7.5 11.5 8.45 7.5 5.29 6.16 6.5 6.97 5.37 6.59 6.55 3.95 3.94 80
WISEJ1942_clean.txt 0.0 4500.0 1.0 0.0 7.0 7.5 11.5 8.45 7.5 5.29 6.16 6.5 6.97 5.37 6.59 6.55 3.95 3.94 80
WISEJ1942_clean.txt 0.0 4500.0 1.0 0.0 7.0 7.5 11.5 8.45 7.5 5.29 6.16 6.5 6.97 5.37 6.59 6.55 3.95 3.94 80
WISEJ1942_clean.txt 0.0 4500.0 1.0 0.0 7.0 7.5 11.5 8.45 7.5 5.29 6.16 6.5 6.97 5.37 6.59 6.55 3.95 3.94 80
WISEJ1942_clean.txt 0.0 4500.0 1.0 0.0 7.0 7.5 11.5 8.45 7.5 5.29 6.16 6.5 6.97 5.37 6.59 6.55 3.95 3.94 80
WISEJ1942_clean.txt 0.0 4500.0 1.0 0.0 7.0 7.5 11.5 8.45 7.5 5.29 6.16 6.5 6.97 5.37 6.59 6.55 3.95 3.94 80
WISEJ1942_clean.txt 0.0 4500.0 1.0 0.0 7.0 7.5 11.5 8.45 7.5 5.29 6.16 6.5 6.97 5.37 6.59 6.55 3.95 3.94 80
WISEJ1942_clean.txt 0.0 4500.0 1.0 0.0 7.0 7.5 11.5 8.45 7.5 5.29 6.16 6.5 6.97 5.37 6.59 6.55 3.95 3.94 80
WISEJ1942_clean.txt 0.0 4500.0 1.0 0.0 7.0 7.5 11.5 8.45 7.5 5.29 6.16 6.5 6.97 5.37 6.59 6.55 3.95 3.94 80
WISEJ1942_clean.txt 0.0 4500.0 1.0 0.0 7.0 7.5 11.5 8.45 7.5 5.29 6.16 6.5 6.97 5.37 6.59 6.55 3.95 3.94 90
WISEJ1942_clean.txt 0.0 4500.0 1.0 0.0 7.0 7.5 11.5 8.45 7.5 5.29 6.16 6.5 6.97 5.37 6.59 6.55 3.95 3.94 90
WISEJ1942_clean.txt 0.0 4500.0 1.0 0.0 7.0 7.5 11.5 8.45 7.5 5.29 6.16 6.5 6.97 5.37 6.59 6.55 3.95 3.94 90
WISEJ1942_clean.txt 0.0 4500.0 1.0 0.0 7.0 7.5 11.5 8.45 7.5 5.29 6.16 6.5 6.97 5.37 6.59 6.55 3.95 3.94 90
WISEJ1942_clean.txt 0.0 4500.0 1.0 0.0 7.0 7.5 11.5 8.45 7.5 5.29 6.16 6.5 6.97 5.37 6.59 6.55 3.95 3.94 90
WISEJ1942_clean.txt 0.0 4500.0 1.0 0.0 7.0 7.5 11.5 8.45 7.5 5.29 6.16 6.5 6.97 5.37 6.59 6.55 3.95 3.94 90
WISEJ1942_clean.txt 0.0 4500.0 1.0 0.0 7.0 7.5 11.5 8.45 7.5 5.29 6.16 6.5 6.97 5.37 6.59 6.55 3.95 3.94 90
WISEJ1942_clean.txt 0.0 4500.0 1.0 0.0 7.0 7.5 11.5 8.45 7.5 5.29 6.16 6.5 6.97 5.37 6.59 6.55 3.95 3.94 90
WISEJ1942_clean.txt 0.0 4500.0 1.0 0.0 7.0 7.5 11.5 8.45 7.5 5.29 6.16 6.5 6.97 5.37 6.59 6.55 3.95 3.94 90
WISEJ1942_clean.txt 0.0 4500.0 1.0 0.0 7.0 7.5 11.5 8.45 7.5 5.29 6.16 6.5 6.97 5.37 6.59 6.55 3.95 3.94 90
WISEJ1942_clean.txt 0.0 4500.0 1.0 0.0 7.0 7.5 11.5 8.45 7.5 5.29 6.16 6.5 6.97 5.37 6.59 6.55 3.95 3.94 100
WISEJ1942_clean.txt 0.0 4500.0 1.0 0.0 7.0 7.5 11.5 8.45 7.5 5.29 6.16 6.5 6.97 5.37 6.59 6.55 3.95 3.94 100
WISEJ1942_clean.txt 0.0 4500.0 1.0 0.0 7.0 7.5 11.5 8.45 7.5 5.29 6.16 6.5 6.97 5.37 6.59 6.55 3.95 3.94 100
WISEJ1942_clean.txt 0.0 4500.0 1.0 0.0 7.0 7.5 11.5 8.45 7.5 5.29 6.16 6.5 6.97 5.37 6.59 6.55 3.95 3.94 100
WISEJ1942_clean.txt 0.0 4500.0 1.0 0.0 7.0 7.5 11.5 8.45 7.5 5.29 6.16 6.5 6.97 5.37 6.59 6.55 3.95 3.94 100
WISEJ1942_clean.txt 0.0 4500.0 1.0 0.0 7.0 7.5 11.5 8.45 7.5 5.29 6.16 6.5 6.97 5.37 6.59 6.55 3.95 3.94 100
WISEJ1942_clean.txt 0.0 4500.0 1.0 0.0 7.0 7.5 11.5 8.45 7.5 5.29 6.16 6.5 6.97 5.37 6.59 6.55 3.95 3.94 100
WISEJ1942_clean.txt 0.0 4500.0 1.0 0.0 7.0 7.5 11.5 8.45 7.5 5.29 6.16 6.5 6.97 5.37 6.59 6.55 3.95 3.94 100
WISEJ1942_clean.txt 0.0 4500.0 1.0 0.0 7.0 7.5 11.5 8.45 7.5 5.29 6.16 6.5 6.97 5.37 6.59 6.55 3.95 3.94 100
WISEJ1942_clean.txt 0.0 4500.0 1.0 0.0 7.0 7.5 11.5 8.45 7.5 5.29 6.16 6.5 6.97 5.37 6.59 6.55 3.95 3.94 100
WISEJ1942_clean.txt 0.0 4500.0 1.0 0.0 7.0 7.5 11.5 8.45 7.5 5.29 6.16 6.5 6.97 5.37 6.59 6.55 3.95 3.94 110
WISEJ1942_clean.txt 0.0 4500.0 1.0 0.0 7.0 7.5 11.5 8.45 7.5 5.29 6.16 6.5 6.97 5.37 6.59 6.55 3.95 3.94 110
WISEJ1942_clean.txt 0.0 4500.0 1.0 0.0 7.0 7.5 11.5 8.45 7.5 5.29 6.16 6.5 6.97 5.37 6.59 6.55 3.95 3.94 110
WISEJ1942_clean.txt 0.0 4500.0 1.0 0.0 7.0 7.5 11.5 8.45 7.5 5.29 6.16 6.5 6.97 5.37 6.59 6.55 3.95 3.94 110
WISEJ1942_clean.txt 0.0 4500.0 1.0 0.0 7.0 7.5 11.5 8.45 7.5 5.29 6.16 6.5 6.97 5.37 6.59 6.55 3.95 3.94 110
WISEJ1942_clean.txt 0.0 4500.0 1.0 0.0 7.0 7.5 11.5 8.45 7.5 5.29 6.16 6.5 6.97 5.37 6.59 6.55 3.95 3.94 110
WISEJ1942_clean.txt 0.0 4500.0 1.0 0.0 7.0 7.5 11.5 8.45 7.5 5.29 6.16 6.5 6.97 5.37 6.59 6.55 3.95 3.94 110
WISEJ1942_clean.txt 0.0 4500.0 1.0 0.0 7.0 7.5 11.5 8.45 7.5 5.29 6.16 6.5 6.97 5.37 6.59 6.55 3.95 3.94 110
WISEJ1942_clean.txt 0.0 4500.0 1.0 0.0 7.0 7.5 11.5 8.45 7.5 5.29 6.16 6.5 6.97 5.37 6.59 6.55 3.95 3.94 110
WISEJ1942_clean.txt 0.0 4500.0 1.0 0.0 7.0 7.5 11.5 8.45 7.5 5.29 6.16 6.5 6.97 5.37 6.59 6.55 3.95 3.94 110
WISEJ1942_clean.txt 0.0 4500.0 1.0 0.0 7.0 7.5 11.5 8.45 7.5 5.29 6.16 6.5 6.97 5.37 6.59 6.55 3.95 3.94 120
WISEJ1942_clean.txt 0.0 4500.0 1.0 0.0 7.0 7.5 11.5 8.45 7.5 5.29 6.16 6.5 6.97 5.37 6.59 6.55 3.95 3.94 120
WISEJ1942_clean.txt 0.0 4500.0 1.0 0.0 7.0 7.5 11.5 8.45 7.5 5.29 6.16 6.5 6.97 5.37 6.59 6.55 3.95 3.94 120
WISEJ1942_clean.txt 0.0 4500.0 1.0 0.0 7.0 7.5 11.5 8.45 7.5 5.29 6.16 6.5 6.97 5.37 6.59 6.55 3.95 3.94 120
WISEJ1942_clean.txt 0.0 4500.0 1.0 0.0 7.0 7.5 11.5 8.45 7.5 5.29 6.16 6.5 6.97 5.37 6.59 6.55 3.95 3.94 120
WISEJ1942_clean.txt 0.0 4500.0 1.0 0.0 7.0 7.5 11.5 8.45 7.5 5.29 6.16 6.5 6.97 5.37 6.59 6.55 3.95 3.94 120
WISEJ1942_clean.txt 0.0 4500.0 1.0 0.0 7.0 7.5 11.5 8.45 7.5 5.29 6.16 6.5 6.97 5.37 6.59 6.55 3.95 3.94 120
WISEJ1942_clean.txt 0.0 4500.0 1.0 0.0 7.0 7.5 11.5 8.45 7.5 5.29 6.16 6.5 6.97 5.37 6.59 6.55 3.95 3.94 120
WISEJ1942_clean.txt 0.0 4500.0 1.0 0.0 7.0 7.5 11.5 8.45 7.5 5.29 6.16 6.5 6.97 5.37 6.59 6.55 3.95 3.94 120
WISEJ1942_clean.txt 0.0 4500.0 1.0 0.0 7.0 7.5 11.5 8.45 7.5 5.29 6.16 6.5 6.97 5.37 6.59 6.55 3.95 3.94 120
WISEJ1942_clean.txt 0.0 4500.0 1.0 0.0 7.0 7.5 11.5 8.45 7.5 5.29 6.16 6.5 6.97 5.37 6.59 6.55 3.95 3.94 130
WISEJ1942_clean.txt 0.0 4500.0 1.0 0.0 7.0 7.5 11.5 8.45 7.5 5.29 6.16 6.5 6.97 5.37 6.59 6.55 3.95 3.94 130
WISEJ1942_clean.txt 0.0 4500.0 1.0 0.0 7.0 7.5 11.5 8.45 7.5 5.29 6.16 6.5 6.97 5.37 6.59 6.55 3.95 3.94 130
WISEJ1942_clean.txt 0.0 4500.0 1.0 0.0 7.0 7.5 11.5 8.45 7.5 5.29 6.16 6.5 6.97 5.37 6.59 6.55 3.95 3.94 130
WISEJ1942_clean.txt 0.0 4500.0 1.0 0.0 7.0 7.5 11.5 8.45 7.5 5.29 6.16 6.5 6.97 5.37 6.59 6.55 3.95 3.94 130
WISEJ1942_clean.txt 0.0 4500.0 1.0 0.0 7.0 7.5 11.5 8.45 7.5 5.29 6.16 6.5 6.97 5.37 6.59 6.55 3.95 3.94 130
WISEJ1942_clean.txt 0.0 4500.0 1.0 0.0 7.0 7.5 11.5 8.45 7.5 5.29 6.16 6.5 6.97 5.37 6.59 6.55 3.95 3.94 130
WISEJ1942_clean.txt 0.0 4500.0 1.0 0.0 7.0 7.5 11.5 8.45 7.5 5.29 6.16 6.5 6.97 5.37 6.59 6.55 3.95 3.94 130
WISEJ1942_clean.txt 0.0 4500.0 1.0 0.0 7.0 7.5 11.5 8.45 7.5 5.29 6.16 6.5 6.97 5.37 6.59 6.55 3.95 3.94 130
WISEJ1942_clean.txt 0.0 4500.0 1.0 0.0 7.0 7.5 11.5 8.45 7.5 5.29 6.16 6.5 6.97 5.37 6.59 6.55 3.95 3.94 130
WISEJ1942_clean.txt 0.0 4500.0 1.0 0.0 7.0 7.5 11.5 8.45 7.5 5.29 6.16 6.5 6.97 5.37 6.59 6.55 3.95 3.94 140
WISEJ1942_clean.txt 0.0 4500.0 1.0 0.0 7.0 7.5 11.5 8.45 7.5 5.29 6.16 6.5 6.97 5.37 6.59 6.55 3.95 3.94 140
WISEJ1942_clean.txt 0.0 4500.0 1.0 0.0 7.0 7.5 11.5 8.45 7.5 5.29 6.16 6.5 6.97 5.37 6.59 6.55 3.95 3.94 140
WISEJ1942_clean.txt 0.0 4500.0 1.0 0.0 7.0 7.5 11.5 8.45 7.5 5.29 6.16 6.5 6.97 5.37 6.59 6.55 3.95 3.94 140
WISEJ1942_clean.txt 0.0 4500.0 1.0 0.0 7.0 7.5 11.5 8.45 7.5 5.29 6.16 6.5 6.97 5.37 6.59 6.55 3.95 3.94 140
WISEJ1942_clean.txt 0.0 4500.0 1.0 0.0 7.0 7.5 11.5 8.45 7.5 5.29 6.16 6.5 6.97 5.37 6.59 6.55 3.95 3.94 140
WISEJ1942_clean.txt 0.0 4500.0 1.0 0.0 7.0 7.5 11.5 8.45 7.5 5.29 6.16 6.5 6.97 5.37 6.59 6.55 3.95 3.94 140
WISEJ1942_clean.txt 0.0 4500.0 1.0 0.0 7.0 7.5 11.5 8.45 7.5 5.29 6.16 6.5 6.97 5.37 6.59 6.55 3.95 3.94 140
WISEJ1942_clean.txt 0.0 4500.0 1.0 0.0 7.0 7.5 11.5 8.45 7.5 5.29 6.16 6.5 6.97 5.37 6.59 6.55 3.95 3.94 140
WISEJ1942_clean.txt 0.0 4500.0 1.0 0.0 7.0 7.5 11.5 8.45 7.5 5.29 6.16 6.5 6.97 5.37 6.59 6.55 3.95 3.94 140
WISEJ1942_clean.txt 0.0 4500.0 1.0 0.0 7.0 7.5 11.5 8.45 7.5 5.29 6.16 6.5 6.97 5.37 6.59 6.55 3.95 3.94 150
WISEJ1942_clean.txt 0.0 4500.0 1.0 0.0 7.0 7.5 11.5 8.45 7.5 5.29 6.16 6.5 6.97 5.37 6.59 6.55 3.95 3.94 150
WISEJ1942_clean.txt 0.0 4500.0 1.0 0.0 7.0 7.5 11.5 8.45 7.5 5.29 6.16 6.5 6.97 5.37 6.59 6.55 3.95 3.94 150
WISEJ1942_clean.txt 0.0 4500.0 1.0 0.0 7.0 7.5 11.5 8.45 7.5 5.29 6.16 6.5 6.97 5.37 6.59 6.55 3.95 3.94 150
WISEJ1942_clean.txt 0.0 4500.0 1.0 0.0 7.0 7.5 11.5 8.45 7.5 5.29 6.16 6.5 6.97 5.37 6.59 6.55 3.95 3.94 150
WISEJ1942_clean.txt 0.0 4500.0 1.0 0.0 7.0 7.5 11.5 8.45 7.5 5.29 6.16 6.5 6.97 5.37 6.59 6.55 3.95 3.94 150
WISEJ1942_clean.txt 0.0 4500.0 1.0 0.0 7.0 7.5 11.5 8.45 7.5 5.29 6.16 6.5 6.97 5.37 6.59 6.55 3.95 3.94 150
WISEJ1942_clean.txt 0.0 4500.0 1.0 0.0 7.0 7.5 11.5 8.45 7.5 5.29 6.16 6.5 6.97 5.37 6.59 6.55 3.95 3.94 150
WISEJ1942_clean.txt 0.0 4500.0 1.0 0.0 7.0 7.5 11.5 8.45 7.5 5.29 6.16 6.5 6.97 5.37 6.59 6.55 3.95 3.94 150
WISEJ1942_clean.txt 0.0 4500.0 1.0 0.0 7.0 7.5 11.5 8.45 7.5 5.29 6.16 6.5 6.97 5.37 6.59 6.55 3.95 3.94 150
WISEJ1942_clean.txt 0.0 4500.0 1.0 0.0 7.0 7.5 11.5 8.45 7.5 5.29 6.16 6.5 6.97 5.37 6.59 6.55 3.95 3.94 160
WISEJ1942_clean.txt 0.0 4500.0 1.0 0.0 7.0 7.5 11.5 8.45 7.5 5.29 6.16 6.5 6.97 5.37 6.59 6.55 3.95 3.94 160
WISEJ1942_clean.txt 0.0 4500.0 1.0 0.0 7.0 7.5 11.5 8.45 7.5 5.29 6.16 6.5 6.97 5.37 6.59 6.55 3.95 3.94 160
WISEJ1942_clean.txt 0.0 4500.0 1.0 0.0 7.0 7.5 11.5 8.45 7.5 5.29 6.16 6.5 6.97 5.37 6.59 6.55 3.95 3.94 160
WISEJ1942_clean.txt 0.0 4500.0 1.0 0.0 7.0 7.5 11.5 8.45 7.5 5.29 6.16 6.5 6.97 5.37 6.59 6.55 3.95 3.94 160
WISEJ1942_clean.txt 0.0 4500.0 1.0 0.0 7.0 7.5 11.5 8.45 7.5 5.29 6.16 6.5 6.97 5.37 6.59 6.55 3.95 3.94 160
WISEJ1942_clean.txt 0.0 4500.0 1.0 0.0 7.0 7.5 11.5 8.45 7.5 5.29 6.16 6.5 6.97 5.37 6.59 6.55 3.95 3.94 160
WISEJ1942_clean.txt 0.0 4500.0 1.0 0.0 7.0 7.5 11.5 8.45 7.5 5.29 6.16 6.5 6.97 5.37 6.59 6.55 3.95 3.94 160
WISEJ1942_clean.txt 0.0 4500.0 1.0 0.0 7.0 7.5 11.5 8.45 7.5 5.29 6.16 6.5 6.97 5.37 6.59 6.55 3.95 3.94 160
WISEJ1942_clean.txt 0.0 4500.0 1.0 0.0 7.0 7.5 11.5 8.45 7.5 5.29 6.16 6.5 6.97 5.37 6.59 6.55 3.95 3.94 160
WISEJ1942_clean.txt 0.0 4500.0 1.0 0.0 7.0 7.5 11.5 8.45 7.5 5.29 6.16 6.5 6.97 5.37 6.59 6.55 3.95 3.94 170
WISEJ1942_clean.txt 0.0 4500.0 1.0 0.0 7.0 7.5 11.5 8.45 7.5 5.29 6.16 6.5 6.97 5.37 6.59 6.55 3.95 3.94 170
WISEJ1942_clean.txt 0.0 4500.0 1.0 0.0 7.0 7.5 11.5 8.45 7.5 5.29 6.16 6.5 6.97 5.37 6.59 6.55 3.95 3.94 170
WISEJ1942_clean.txt 0.0 4500.0 1.0 0.0 7.0 7.5 11.5 8.45 7.5 5.29 6.16 6.5 6.97 5.37 6.59 6.55 3.95 3.94 170
WISEJ1942_clean.txt 0.0 4500.0 1.0 0.0 7.0 7.5 11.5 8.45 7.5 5.29 6.16 6.5 6.97 5.37 6.59 6.55 3.95 3.94 170
WISEJ1942_clean.txt 0.0 4500.0 1.0 0.0 7.0 7.5 11.5 8.45 7.5 5.29 6.16 6.5 6.97 5.37 6.59 6.55 3.95 3.94 170
WISEJ1942_clean.txt 0.0 4500.0 1.0 0.0 7.0 7.5 11.5 8.45 7.5 5.29 6.16 6.5 6.97 5.37 6.59 6.55 3.95 3.94 170
WISEJ1942_clean.txt 0.0 4500.0 1.0 0.0 7.0 7.5 11.5 8.45 7.5 5.29 6.16 6.5 6.97 5.37 6.59 6.55 3.95 3.94 170
WISEJ1942_clean.txt 0.0 4500.0 1.0 0.0 7.0 7.5 11.5 8.45 7.5 5.29 6.16 6.5 6.97 5.37 6.59 6.55 3.95 3.94 170
WISEJ1942_clean.txt 0.0 4500.0 1.0 0.0 7.0 7.5 11.5 8.45 7.5 5.29 6.16 6.5 6.97 5.37 6.59 6.55 3.95 3.94 170
WISEJ1942_clean.txt 0.0 4500.0 1.0 0.0 7.0 7.5 11.5 8.45 7.5 5.29 6.16 6.5 6.97 5.37 6.59 6.55 3.95 3.94 180
WISEJ1942_clean.txt 0.0 4500.0 1.0 0.0 7.0 7.5 11.5 8.45 7.5 5.29 6.16 6.5 6.97 5.37 6.59 6.55 3.95 3.94 180
WISEJ1942_clean.txt 0.0 4500.0 1.0 0.0 7.0 7.5 11.5 8.45 7.5 5.29 6.16 6.5 6.97 5.37 6.59 6.55 3.95 3.94 180
WISEJ1942_clean.txt 0.0 4500.0 1.0 0.0 7.0 7.5 11.5 8.45 7.5 5.29 6.16 6.5 6.97 5.37 6.59 6.55 3.95 3.94 180
WISEJ1942_clean.txt 0.0 4500.0 1.0 0.0 7.0 7.5 11.5 8.45 7.5 5.29 6.16 6.5 6.97 5.37 6.59 6.55 3.95 3.94 180
WISEJ1942_clean.txt 0.0 4500.0 1.0 0.0 7.0 7.5 11.5 8.45 7.5 5.29 6.16 6.5 6.97 5.37 6.59 6.55 3.95 3.94 180
WISEJ1942_clean.txt 0.0 4500.0 1.0 0.0 7.0 7.5 11.5 8.45 7.5 5.29 6.16 6.5 6.97 5.37 6.59 6.55 3.95 3.94 180
WISEJ1942_clean.txt 0.0 4500.0 1.0 0.0 7.0 7.5 11.5 8.45 7.5 5.29 6.16 6.5 6.97 5.37 6.59 6.55 3.95 3.94 180
WISEJ1942_clean.txt 0.0 4500.0 1.0 0.0 7.0 7.5 11.5 8.45 7.5 5.29 6.16 6.5 6.97 5.37 6.59 6.55 3.95 3.94 180
WISEJ1942_clean.txt 0.0 4500.0 1.0 0.0 7.0 7.5 11.5 8.45 7.5 5.29 6.16 6.5 6.97 5.37 6.59 6.55 3.95 3.94 180
WISEJ1942_clean.txt 0.0 4500.0 1.0 0.0 7.0 7.5 11.5 8.45 7.5 5.29 6.16 6.5 6.97 5.37 6.59 6.55 3.95 3.94 190
WISEJ1942_clean.txt 0.0 4500.0 1.0 0.0 7.0 7.5 11.5 8.45 7.5 5.29 6.16 6.5 6.97 5.37 6.59 6.55 3.95 3.94 190
WISEJ1942_clean.txt 0.0 4500.0 1.0 0.0 7.0 7.5 11.5 8.45 7.5 5.29 6.16 6.5 6.97 5.37 6.59 6.55 3.95 3.94 190
WISEJ1942_clean.txt 0.0 4500.0 1.0 0.0 7.0 7.5 11.5 8.45 7.5 5.29 6.16 6.5 6.97 5.37 6.59 6.55 3.95 3.94 190
WISEJ1942_clean.txt 0.0 4500.0 1.0 0.0 7.0 7.5 11.5 8.45 7.5 5.29 6.16 6.5 6.97 5.37 6.59 6.55 3.95 3.94 190
WISEJ1942_clean.txt 0.0 4500.0 1.0 0.0 7.0 7.5 11.5 8.45 7.5 5.29 6.16 6.5 6.97 5.37 6.59 6.55 3.95 3.94 190
WISEJ1942_clean.txt 0.0 4500.0 1.0 0.0 7.0 7.5 11.5 8.45 7.5 5.29 6.16 6.5 6.97 5.37 6.59 6.55 3.95 3.94 190
WISEJ1942_clean.txt 0.0 4500.0 1.0 0.0 7.0 7.5 11.5 8.45 7.5 5.29 6.16 6.5 6.97 5.37 6.59 6.55 3.95 3.94 190
WISEJ1942_clean.txt 0.0 4500.0 1.0 0.0 7.0 7.5 11.5 8.45 7.5 5.29 6.16 6.5 6.97 5.37 6.59 6.55 3.95 3.94 190
WISEJ1942_clean.txt 0.0 4500.0 1.0 0.0 7.0 7.5 11.5 8.45 7.5 5.29 6.16 6.5 6.97 5.37 6.59 6.55 3.95 3.94 190
