#name_of_spectrum_to_fit  rv  teff  logg  [Fe/H]  Input_vmicroturb  A(H)  A(He)  A(C)  A(O)  A(Na)  A(S)  A(Fe)  A(N)  A(Ca)  A(Si)  A(Mg)  A(Co)  A(Ti)  oisorat
; WISEJ1942_clean.txt  0.00000  4500.0  1.0  0.000  4.00000000000000  7.50  11.50  8.50  7.50  5.290  6.16  6.500  7.00  5.370  6.590  6.550  3.950  3.940  60.0
WISEJ1942_clean.txt  0.00000  4500.0  1.0  0.000  5.00000000000000  7.50  11.50  8.50  7.50  5.290  6.16  6.500  7.00  5.370  6.590  6.550  3.950  3.940  60.0
WISEJ1942_clean.txt  0.00000  4500.0  1.0  0.000  6.00000000000000  7.50  11.50  8.50  7.50  5.290  6.16  6.500  7.00  5.370  6.590  6.550  3.950  3.940  60.0
WISEJ1942_clean.txt  0.00000  4500.0  1.0  0.000  7.00000000000000  7.50  11.50  8.50  7.50  5.290  6.16  6.500  7.00  5.370  6.590  6.550  3.950  3.940  60.0
WISEJ1942_clean.txt  0.00000  4500.0  1.0  0.000  8.00000000000000  7.50  11.50  8.50  7.50  5.290  6.16  6.500  7.00  5.370  6.590  6.550  3.950  3.940  60.0
WISEJ1942_clean.txt  0.00000  4500.0  1.0  0.000  9.00000000000000  7.50  11.50  8.50  7.50  5.290  6.16  6.500  7.00  5.370  6.590  6.550  3.950  3.940  60.0
; WISEJ1942_clean.txt  0.00000  4500.0  1.0  0.000  10.00000000000000  7.50  11.50  8.50  7.50  5.290  6.16  6.500  7.00  5.370  6.590  6.550  3.950  3.940  60.0
; WISEJ1942_clean.txt  0.00000  4500.0  1.0  0.000  11.00000000000000  7.50  11.50  8.50  7.50  5.290  6.16  6.500  7.00  5.370  6.590  6.550  3.950  3.940  60.0
; WISEJ1942_clean.txt  0.00000  4500.0  1.0  0.000  12.00000000000000  7.50  11.50  8.50  7.50  5.290  6.16  6.500  7.00  5.370  6.590  6.550  3.950  3.940  60.0
; WISEJ1942_clean.txt  0.00000  4500.0  1.0  0.000  13.00000000000000  7.50  11.50  8.50  7.50  5.290  6.16  6.500  7.00  5.370  6.590  6.550  3.950  3.940  60.0
; WISEJ1942_clean.txt  0.00000  4500.0  1.0  0.000  14.00000000000000  7.50  11.50  8.50  7.50  5.290  6.16  6.500  7.00  5.370  6.590  6.550  3.950  3.940  60.0
; WISEJ1942_clean.txt  0.00000  4500.0  1.0  0.000  15.00000000000000  7.50  11.50  8.50  7.50  5.290  6.16  6.500  7.00  5.370  6.590  6.550  3.950  3.940  60.0
; WISEJ1942_clean.txt  0.00000  4500.0  1.0  0.000  16.00000000000000  7.50  11.50  8.50  7.50  5.290  6.16  6.500  7.00  5.370  6.590  6.550  3.950  3.940  60.0