#name_of_spectrum_to_fit rv teff logg [Fe/H] Input_vmicroturb A(H) A(He) A(C) A(O) A(Fe) A(N) A(Mg) oisorat
HD137613.txt 0.0 5500.0 1.0 0.0 6.5 7.5 11.5 9.7214 8.8 7.3 9.195 7.75 0.4
HD137613.txt 0.0 5500.0 1.0 0.0 6.5 7.5 11.5 9.7214 8.8 7.3 9.195 7.75 0.4
HD137613.txt 0.0 5500.0 1.0 0.0 6.5 7.5 11.5 9.7214 8.8 7.3 9.195 7.75 0.4
HD137613.txt 0.0 5500.0 1.0 0.0 6.5 7.5 11.5 9.7214 8.8 7.3 9.195 7.75 0.42000000000000004
HD137613.txt 0.0 5500.0 1.0 0.0 6.5 7.5 11.5 9.7214 8.8 7.3 9.195 7.75 0.42000000000000004
HD137613.txt 0.0 5500.0 1.0 0.0 6.5 7.5 11.5 9.7214 8.8 7.3 9.195 7.75 0.42000000000000004
HD137613.txt 0.0 5500.0 1.0 0.0 6.5 7.5 11.5 9.7214 8.8 7.3 9.195 7.75 0.44000000000000006
HD137613.txt 0.0 5500.0 1.0 0.0 6.5 7.5 11.5 9.7214 8.8 7.3 9.195 7.75 0.44000000000000006
HD137613.txt 0.0 5500.0 1.0 0.0 6.5 7.5 11.5 9.7214 8.8 7.3 9.195 7.75 0.44000000000000006
HD137613.txt 0.0 5500.0 1.0 0.0 6.5 7.5 11.5 9.7214 8.8 7.3 9.195 7.75 0.4600000000000001
HD137613.txt 0.0 5500.0 1.0 0.0 6.5 7.5 11.5 9.7214 8.8 7.3 9.195 7.75 0.4600000000000001
HD137613.txt 0.0 5500.0 1.0 0.0 6.5 7.5 11.5 9.7214 8.8 7.3 9.195 7.75 0.4600000000000001
HD137613.txt 0.0 5500.0 1.0 0.0 6.5 7.5 11.5 9.7214 8.8 7.3 9.195 7.75 0.4800000000000001
HD137613.txt 0.0 5500.0 1.0 0.0 6.5 7.5 11.5 9.7214 8.8 7.3 9.195 7.75 0.4800000000000001
HD137613.txt 0.0 5500.0 1.0 0.0 6.5 7.5 11.5 9.7214 8.8 7.3 9.195 7.75 0.4800000000000001
HD137613.txt 0.0 5500.0 1.0 0.0 6.5 7.5 11.5 9.7214 8.8 7.3 9.195 7.75 0.5000000000000001
HD137613.txt 0.0 5500.0 1.0 0.0 6.5 7.5 11.5 9.7214 8.8 7.3 9.195 7.75 0.5000000000000001
HD137613.txt 0.0 5500.0 1.0 0.0 6.5 7.5 11.5 9.7214 8.8 7.3 9.195 7.75 0.5000000000000001
HD137613.txt 0.0 5500.0 1.0 0.0 6.5 7.5 11.5 9.7214 8.8 7.3 9.195 7.75 0.5200000000000001
HD137613.txt 0.0 5500.0 1.0 0.0 6.5 7.5 11.5 9.7214 8.8 7.3 9.195 7.75 0.5200000000000001
HD137613.txt 0.0 5500.0 1.0 0.0 6.5 7.5 11.5 9.7214 8.8 7.3 9.195 7.75 0.5200000000000001
HD137613.txt 0.0 5500.0 1.0 0.0 6.5 7.5 11.5 9.7214 8.8 7.3 9.195 7.75 0.5400000000000001
HD137613.txt 0.0 5500.0 1.0 0.0 6.5 7.5 11.5 9.7214 8.8 7.3 9.195 7.75 0.5400000000000001
HD137613.txt 0.0 5500.0 1.0 0.0 6.5 7.5 11.5 9.7214 8.8 7.3 9.195 7.75 0.5400000000000001
HD137613.txt 0.0 5500.0 1.0 0.0 6.5 7.5 11.5 9.7214 8.8 7.3 9.195 7.75 0.5600000000000002
HD137613.txt 0.0 5500.0 1.0 0.0 6.5 7.5 11.5 9.7214 8.8 7.3 9.195 7.75 0.5600000000000002
HD137613.txt 0.0 5500.0 1.0 0.0 6.5 7.5 11.5 9.7214 8.8 7.3 9.195 7.75 0.5600000000000002
HD137613.txt 0.0 5500.0 1.0 0.0 6.5 7.5 11.5 9.7214 8.8 7.3 9.195 7.75 0.5800000000000002
HD137613.txt 0.0 5500.0 1.0 0.0 6.5 7.5 11.5 9.7214 8.8 7.3 9.195 7.75 0.5800000000000002
HD137613.txt 0.0 5500.0 1.0 0.0 6.5 7.5 11.5 9.7214 8.8 7.3 9.195 7.75 0.5800000000000002
HD137613.txt 0.0 5500.0 1.0 0.0 6.5 7.5 11.5 9.7214 8.8 7.3 9.195 7.75 0.6000000000000002
HD137613.txt 0.0 5500.0 1.0 0.0 6.5 7.5 11.5 9.7214 8.8 7.3 9.195 7.75 0.6000000000000002
HD137613.txt 0.0 5500.0 1.0 0.0 6.5 7.5 11.5 9.7214 8.8 7.3 9.195 7.75 0.6000000000000002
HD137613.txt 0.0 5500.0 1.0 0.0 6.5 7.5 11.5 9.7214 8.8 7.3 9.195 7.75 0.6200000000000002
HD137613.txt 0.0 5500.0 1.0 0.0 6.5 7.5 11.5 9.7214 8.8 7.3 9.195 7.75 0.6200000000000002
HD137613.txt 0.0 5500.0 1.0 0.0 6.5 7.5 11.5 9.7214 8.8 7.3 9.195 7.75 0.6200000000000002
HD137613.txt 0.0 5500.0 1.0 0.0 6.5 7.5 11.5 9.7214 8.8 7.3 9.195 7.75 0.6400000000000002
HD137613.txt 0.0 5500.0 1.0 0.0 6.5 7.5 11.5 9.7214 8.8 7.3 9.195 7.75 0.6400000000000002
HD137613.txt 0.0 5500.0 1.0 0.0 6.5 7.5 11.5 9.7214 8.8 7.3 9.195 7.75 0.6400000000000002
HD137613.txt 0.0 5500.0 1.0 0.0 6.5 7.5 11.5 9.7214 8.8 7.3 9.195 7.75 0.6600000000000003
HD137613.txt 0.0 5500.0 1.0 0.0 6.5 7.5 11.5 9.7214 8.8 7.3 9.195 7.75 0.6600000000000003
HD137613.txt 0.0 5500.0 1.0 0.0 6.5 7.5 11.5 9.7214 8.8 7.3 9.195 7.75 0.6600000000000003
HD137613.txt 0.0 5500.0 1.0 0.0 6.5 7.5 11.5 9.7214 8.8 7.3 9.195 7.75 0.6800000000000003
HD137613.txt 0.0 5500.0 1.0 0.0 6.5 7.5 11.5 9.7214 8.8 7.3 9.195 7.75 0.6800000000000003
HD137613.txt 0.0 5500.0 1.0 0.0 6.5 7.5 11.5 9.7214 8.8 7.3 9.195 7.75 0.6800000000000003
