#name_of_spectrum_to_fit rv teff logg [Fe/H] Input_vmicroturb A(H) A(He) A(C) A(O) A(Na) A(S) A(Fe) A(Mg) A(Si) A(N) A(Ca) A(Ti) oisorat
WISE222_clean.txt 0.0 5000.0 1.0 0.0 7.0 7.5 11.5 8.87 7.6 5.09 6.16 6.7 6.55 6.59 7.876 5.57 4.64 5.5
WISE222_clean.txt 0.0 5000.0 1.0 0.0 7.0 7.5 11.5 8.87 7.6 5.09 6.16 6.7 6.55 6.59 7.876 5.57 4.64 5.5
WISE222_clean.txt 0.0 5000.0 1.0 0.0 7.0 7.5 11.5 8.87 7.6 5.09 6.16 6.7 6.55 6.59 7.876 5.57 4.64 5.5
WISE222_clean.txt 0.0 5000.0 1.0 0.0 7.0 7.5 11.5 8.87 7.6 5.09 6.16 6.7 6.55 6.59 7.876 5.57 4.64 5.7
WISE222_clean.txt 0.0 5000.0 1.0 0.0 7.0 7.5 11.5 8.87 7.6 5.09 6.16 6.7 6.55 6.59 7.876 5.57 4.64 5.7
WISE222_clean.txt 0.0 5000.0 1.0 0.0 7.0 7.5 11.5 8.87 7.6 5.09 6.16 6.7 6.55 6.59 7.876 5.57 4.64 5.7
WISE222_clean.txt 0.0 5000.0 1.0 0.0 7.0 7.5 11.5 8.87 7.6 5.09 6.16 6.7 6.55 6.59 7.876 5.57 4.64 5.9
WISE222_clean.txt 0.0 5000.0 1.0 0.0 7.0 7.5 11.5 8.87 7.6 5.09 6.16 6.7 6.55 6.59 7.876 5.57 4.64 5.9
WISE222_clean.txt 0.0 5000.0 1.0 0.0 7.0 7.5 11.5 8.87 7.6 5.09 6.16 6.7 6.55 6.59 7.876 5.57 4.64 5.9
WISE222_clean.txt 0.0 5000.0 1.0 0.0 7.0 7.5 11.5 8.87 7.6 5.09 6.16 6.7 6.55 6.59 7.876 5.57 4.64 6.1000000000000005
WISE222_clean.txt 0.0 5000.0 1.0 0.0 7.0 7.5 11.5 8.87 7.6 5.09 6.16 6.7 6.55 6.59 7.876 5.57 4.64 6.1000000000000005
WISE222_clean.txt 0.0 5000.0 1.0 0.0 7.0 7.5 11.5 8.87 7.6 5.09 6.16 6.7 6.55 6.59 7.876 5.57 4.64 6.1000000000000005
WISE222_clean.txt 0.0 5000.0 1.0 0.0 7.0 7.5 11.5 8.87 7.6 5.09 6.16 6.7 6.55 6.59 7.876 5.57 4.64 6.300000000000001
WISE222_clean.txt 0.0 5000.0 1.0 0.0 7.0 7.5 11.5 8.87 7.6 5.09 6.16 6.7 6.55 6.59 7.876 5.57 4.64 6.300000000000001
WISE222_clean.txt 0.0 5000.0 1.0 0.0 7.0 7.5 11.5 8.87 7.6 5.09 6.16 6.7 6.55 6.59 7.876 5.57 4.64 6.300000000000001
WISE222_clean.txt 0.0 5000.0 1.0 0.0 7.0 7.5 11.5 8.87 7.6 5.09 6.16 6.7 6.55 6.59 7.876 5.57 4.64 6.500000000000001
WISE222_clean.txt 0.0 5000.0 1.0 0.0 7.0 7.5 11.5 8.87 7.6 5.09 6.16 6.7 6.55 6.59 7.876 5.57 4.64 6.500000000000001
WISE222_clean.txt 0.0 5000.0 1.0 0.0 7.0 7.5 11.5 8.87 7.6 5.09 6.16 6.7 6.55 6.59 7.876 5.57 4.64 6.500000000000001
WISE222_clean.txt 0.0 5000.0 1.0 0.0 7.0 7.5 11.5 8.87 7.6 5.09 6.16 6.7 6.55 6.59 7.876 5.57 4.64 6.700000000000001
WISE222_clean.txt 0.0 5000.0 1.0 0.0 7.0 7.5 11.5 8.87 7.6 5.09 6.16 6.7 6.55 6.59 7.876 5.57 4.64 6.700000000000001
WISE222_clean.txt 0.0 5000.0 1.0 0.0 7.0 7.5 11.5 8.87 7.6 5.09 6.16 6.7 6.55 6.59 7.876 5.57 4.64 6.700000000000001
WISE222_clean.txt 0.0 5000.0 1.0 0.0 7.0 7.5 11.5 8.87 7.6 5.09 6.16 6.7 6.55 6.59 7.876 5.57 4.64 6.900000000000001
WISE222_clean.txt 0.0 5000.0 1.0 0.0 7.0 7.5 11.5 8.87 7.6 5.09 6.16 6.7 6.55 6.59 7.876 5.57 4.64 6.900000000000001
WISE222_clean.txt 0.0 5000.0 1.0 0.0 7.0 7.5 11.5 8.87 7.6 5.09 6.16 6.7 6.55 6.59 7.876 5.57 4.64 6.900000000000001
WISE222_clean.txt 0.0 5000.0 1.0 0.0 7.0 7.5 11.5 8.87 7.6 5.09 6.16 6.7 6.55 6.59 7.876 5.57 4.64 7.100000000000001
WISE222_clean.txt 0.0 5000.0 1.0 0.0 7.0 7.5 11.5 8.87 7.6 5.09 6.16 6.7 6.55 6.59 7.876 5.57 4.64 7.100000000000001
WISE222_clean.txt 0.0 5000.0 1.0 0.0 7.0 7.5 11.5 8.87 7.6 5.09 6.16 6.7 6.55 6.59 7.876 5.57 4.64 7.100000000000001
WISE222_clean.txt 0.0 5000.0 1.0 0.0 7.0 7.5 11.5 8.87 7.6 5.09 6.16 6.7 6.55 6.59 7.876 5.57 4.64 7.300000000000002
WISE222_clean.txt 0.0 5000.0 1.0 0.0 7.0 7.5 11.5 8.87 7.6 5.09 6.16 6.7 6.55 6.59 7.876 5.57 4.64 7.300000000000002
WISE222_clean.txt 0.0 5000.0 1.0 0.0 7.0 7.5 11.5 8.87 7.6 5.09 6.16 6.7 6.55 6.59 7.876 5.57 4.64 7.300000000000002
WISE222_clean.txt 0.0 5000.0 1.0 0.0 7.0 7.5 11.5 8.87 7.6 5.09 6.16 6.7 6.55 6.59 7.876 5.57 4.64 7.500000000000002
WISE222_clean.txt 0.0 5000.0 1.0 0.0 7.0 7.5 11.5 8.87 7.6 5.09 6.16 6.7 6.55 6.59 7.876 5.57 4.64 7.500000000000002
WISE222_clean.txt 0.0 5000.0 1.0 0.0 7.0 7.5 11.5 8.87 7.6 5.09 6.16 6.7 6.55 6.59 7.876 5.57 4.64 7.500000000000002
WISE222_clean.txt 0.0 5000.0 1.0 0.0 7.0 7.5 11.5 8.87 7.6 5.09 6.16 6.7 6.55 6.59 7.876 5.57 4.64 7.700000000000002
WISE222_clean.txt 0.0 5000.0 1.0 0.0 7.0 7.5 11.5 8.87 7.6 5.09 6.16 6.7 6.55 6.59 7.876 5.57 4.64 7.700000000000002
WISE222_clean.txt 0.0 5000.0 1.0 0.0 7.0 7.5 11.5 8.87 7.6 5.09 6.16 6.7 6.55 6.59 7.876 5.57 4.64 7.700000000000002
WISE222_clean.txt 0.0 5000.0 1.0 0.0 7.0 7.5 11.5 8.87 7.6 5.09 6.16 6.7 6.55 6.59 7.876 5.57 4.64 7.900000000000002
WISE222_clean.txt 0.0 5000.0 1.0 0.0 7.0 7.5 11.5 8.87 7.6 5.09 6.16 6.7 6.55 6.59 7.876 5.57 4.64 7.900000000000002
WISE222_clean.txt 0.0 5000.0 1.0 0.0 7.0 7.5 11.5 8.87 7.6 5.09 6.16 6.7 6.55 6.59 7.876 5.57 4.64 7.900000000000002
WISE222_clean.txt 0.0 5000.0 1.0 0.0 7.0 7.5 11.5 8.87 7.6 5.09 6.16 6.7 6.55 6.59 7.876 5.57 4.64 8.100000000000001
WISE222_clean.txt 0.0 5000.0 1.0 0.0 7.0 7.5 11.5 8.87 7.6 5.09 6.16 6.7 6.55 6.59 7.876 5.57 4.64 8.100000000000001
WISE222_clean.txt 0.0 5000.0 1.0 0.0 7.0 7.5 11.5 8.87 7.6 5.09 6.16 6.7 6.55 6.59 7.876 5.57 4.64 8.100000000000001
WISE222_clean.txt 0.0 5000.0 1.0 0.0 7.0 7.5 11.5 8.87 7.6 5.09 6.16 6.7 6.55 6.59 7.876 5.57 4.64 8.300000000000002
WISE222_clean.txt 0.0 5000.0 1.0 0.0 7.0 7.5 11.5 8.87 7.6 5.09 6.16 6.7 6.55 6.59 7.876 5.57 4.64 8.300000000000002
WISE222_clean.txt 0.0 5000.0 1.0 0.0 7.0 7.5 11.5 8.87 7.6 5.09 6.16 6.7 6.55 6.59 7.876 5.57 4.64 8.300000000000002
WISE222_clean.txt 0.0 5000.0 1.0 0.0 7.0 7.5 11.5 8.87 7.6 5.09 6.16 6.7 6.55 6.59 7.876 5.57 4.64 8.500000000000004
WISE222_clean.txt 0.0 5000.0 1.0 0.0 7.0 7.5 11.5 8.87 7.6 5.09 6.16 6.7 6.55 6.59 7.876 5.57 4.64 8.500000000000004
WISE222_clean.txt 0.0 5000.0 1.0 0.0 7.0 7.5 11.5 8.87 7.6 5.09 6.16 6.7 6.55 6.59 7.876 5.57 4.64 8.500000000000004
WISE222_clean.txt 0.0 5000.0 1.0 0.0 7.0 7.5 11.5 8.87 7.6 5.09 6.16 6.7 6.55 6.59 7.876 5.57 4.64 8.700000000000003
WISE222_clean.txt 0.0 5000.0 1.0 0.0 7.0 7.5 11.5 8.87 7.6 5.09 6.16 6.7 6.55 6.59 7.876 5.57 4.64 8.700000000000003
WISE222_clean.txt 0.0 5000.0 1.0 0.0 7.0 7.5 11.5 8.87 7.6 5.09 6.16 6.7 6.55 6.59 7.876 5.57 4.64 8.700000000000003
WISE222_clean.txt 0.0 5000.0 1.0 0.0 7.0 7.5 11.5 8.87 7.6 5.09 6.16 6.7 6.55 6.59 7.876 5.57 4.64 8.900000000000002
WISE222_clean.txt 0.0 5000.0 1.0 0.0 7.0 7.5 11.5 8.87 7.6 5.09 6.16 6.7 6.55 6.59 7.876 5.57 4.64 8.900000000000002
WISE222_clean.txt 0.0 5000.0 1.0 0.0 7.0 7.5 11.5 8.87 7.6 5.09 6.16 6.7 6.55 6.59 7.876 5.57 4.64 8.900000000000002
WISE222_clean.txt 0.0 5000.0 1.0 0.0 7.0 7.5 11.5 8.87 7.6 5.09 6.16 6.7 6.55 6.59 7.876 5.57 4.64 9.100000000000003
WISE222_clean.txt 0.0 5000.0 1.0 0.0 7.0 7.5 11.5 8.87 7.6 5.09 6.16 6.7 6.55 6.59 7.876 5.57 4.64 9.100000000000003
WISE222_clean.txt 0.0 5000.0 1.0 0.0 7.0 7.5 11.5 8.87 7.6 5.09 6.16 6.7 6.55 6.59 7.876 5.57 4.64 9.100000000000003
WISE222_clean.txt 0.0 5000.0 1.0 0.0 7.0 7.5 11.5 8.87 7.6 5.09 6.16 6.7 6.55 6.59 7.876 5.57 4.64 9.300000000000004
WISE222_clean.txt 0.0 5000.0 1.0 0.0 7.0 7.5 11.5 8.87 7.6 5.09 6.16 6.7 6.55 6.59 7.876 5.57 4.64 9.300000000000004
WISE222_clean.txt 0.0 5000.0 1.0 0.0 7.0 7.5 11.5 8.87 7.6 5.09 6.16 6.7 6.55 6.59 7.876 5.57 4.64 9.300000000000004
WISE222_clean.txt 0.0 5000.0 1.0 0.0 7.0 7.5 11.5 8.87 7.6 5.09 6.16 6.7 6.55 6.59 7.876 5.57 4.64 9.500000000000004
WISE222_clean.txt 0.0 5000.0 1.0 0.0 7.0 7.5 11.5 8.87 7.6 5.09 6.16 6.7 6.55 6.59 7.876 5.57 4.64 9.500000000000004
WISE222_clean.txt 0.0 5000.0 1.0 0.0 7.0 7.5 11.5 8.87 7.6 5.09 6.16 6.7 6.55 6.59 7.876 5.57 4.64 9.500000000000004
WISE222_clean.txt 0.0 5000.0 1.0 0.0 7.0 7.5 11.5 8.87 7.6 5.09 6.16 6.7 6.55 6.59 7.876 5.57 4.64 9.700000000000003
WISE222_clean.txt 0.0 5000.0 1.0 0.0 7.0 7.5 11.5 8.87 7.6 5.09 6.16 6.7 6.55 6.59 7.876 5.57 4.64 9.700000000000003
WISE222_clean.txt 0.0 5000.0 1.0 0.0 7.0 7.5 11.5 8.87 7.6 5.09 6.16 6.7 6.55 6.59 7.876 5.57 4.64 9.700000000000003
WISE222_clean.txt 0.0 5000.0 1.0 0.0 7.0 7.5 11.5 8.87 7.6 5.09 6.16 6.7 6.55 6.59 7.876 5.57 4.64 9.900000000000004
WISE222_clean.txt 0.0 5000.0 1.0 0.0 7.0 7.5 11.5 8.87 7.6 5.09 6.16 6.7 6.55 6.59 7.876 5.57 4.64 9.900000000000004
WISE222_clean.txt 0.0 5000.0 1.0 0.0 7.0 7.5 11.5 8.87 7.6 5.09 6.16 6.7 6.55 6.59 7.876 5.57 4.64 9.900000000000004
