#name_of_spectrum_to_fit rv teff logg [Fe/H] Input_vmicroturb A(H) A(He) A(C) A(Ca) A(O) A(Na) A(S) A(Fe) A(N) A(Mg) A(Si) oisorat
ASAS-RCB-21.txt 0.0 5750.0 1.0 0.0 7.0 7.5 11.5 9.85 5.87 9.0 5.29 6.16 7.5 9.113 6.55 6.59 2.5
ASAS-RCB-21.txt 0.0 5750.0 1.0 0.0 7.0 7.5 11.5 9.85 5.87 9.0 5.29 6.16 7.5 9.113 6.55 6.59 2.5
ASAS-RCB-21.txt 0.0 5750.0 1.0 0.0 7.0 7.5 11.5 9.85 5.87 9.0 5.29 6.16 7.5 9.113 6.55 6.59 2.5
ASAS-RCB-21.txt 0.0 5750.0 1.0 0.0 7.0 7.5 11.5 9.85 5.87 9.0 5.29 6.16 7.5 9.113 6.55 6.59 2.5
ASAS-RCB-21.txt 0.0 5750.0 1.0 0.0 7.0 7.5 11.5 9.85 5.87 9.0 5.29 6.16 7.5 9.113 6.55 6.59 2.5
ASAS-RCB-21.txt 0.0 5750.0 1.0 0.0 7.0 7.5 11.5 9.85 5.87 9.0 5.29 6.16 7.5 9.113 6.55 6.59 2.7
ASAS-RCB-21.txt 0.0 5750.0 1.0 0.0 7.0 7.5 11.5 9.85 5.87 9.0 5.29 6.16 7.5 9.113 6.55 6.59 2.7
ASAS-RCB-21.txt 0.0 5750.0 1.0 0.0 7.0 7.5 11.5 9.85 5.87 9.0 5.29 6.16 7.5 9.113 6.55 6.59 2.7
ASAS-RCB-21.txt 0.0 5750.0 1.0 0.0 7.0 7.5 11.5 9.85 5.87 9.0 5.29 6.16 7.5 9.113 6.55 6.59 2.7
ASAS-RCB-21.txt 0.0 5750.0 1.0 0.0 7.0 7.5 11.5 9.85 5.87 9.0 5.29 6.16 7.5 9.113 6.55 6.59 2.7
ASAS-RCB-21.txt 0.0 5750.0 1.0 0.0 7.0 7.5 11.5 9.85 5.87 9.0 5.29 6.16 7.5 9.113 6.55 6.59 2.9000000000000004
ASAS-RCB-21.txt 0.0 5750.0 1.0 0.0 7.0 7.5 11.5 9.85 5.87 9.0 5.29 6.16 7.5 9.113 6.55 6.59 2.9000000000000004
ASAS-RCB-21.txt 0.0 5750.0 1.0 0.0 7.0 7.5 11.5 9.85 5.87 9.0 5.29 6.16 7.5 9.113 6.55 6.59 2.9000000000000004
ASAS-RCB-21.txt 0.0 5750.0 1.0 0.0 7.0 7.5 11.5 9.85 5.87 9.0 5.29 6.16 7.5 9.113 6.55 6.59 2.9000000000000004
ASAS-RCB-21.txt 0.0 5750.0 1.0 0.0 7.0 7.5 11.5 9.85 5.87 9.0 5.29 6.16 7.5 9.113 6.55 6.59 2.9000000000000004
ASAS-RCB-21.txt 0.0 5750.0 1.0 0.0 7.0 7.5 11.5 9.85 5.87 9.0 5.29 6.16 7.5 9.113 6.55 6.59 3.1000000000000005
ASAS-RCB-21.txt 0.0 5750.0 1.0 0.0 7.0 7.5 11.5 9.85 5.87 9.0 5.29 6.16 7.5 9.113 6.55 6.59 3.1000000000000005
ASAS-RCB-21.txt 0.0 5750.0 1.0 0.0 7.0 7.5 11.5 9.85 5.87 9.0 5.29 6.16 7.5 9.113 6.55 6.59 3.1000000000000005
ASAS-RCB-21.txt 0.0 5750.0 1.0 0.0 7.0 7.5 11.5 9.85 5.87 9.0 5.29 6.16 7.5 9.113 6.55 6.59 3.1000000000000005
ASAS-RCB-21.txt 0.0 5750.0 1.0 0.0 7.0 7.5 11.5 9.85 5.87 9.0 5.29 6.16 7.5 9.113 6.55 6.59 3.1000000000000005
ASAS-RCB-21.txt 0.0 5750.0 1.0 0.0 7.0 7.5 11.5 9.85 5.87 9.0 5.29 6.16 7.5 9.113 6.55 6.59 3.3000000000000007
ASAS-RCB-21.txt 0.0 5750.0 1.0 0.0 7.0 7.5 11.5 9.85 5.87 9.0 5.29 6.16 7.5 9.113 6.55 6.59 3.3000000000000007
ASAS-RCB-21.txt 0.0 5750.0 1.0 0.0 7.0 7.5 11.5 9.85 5.87 9.0 5.29 6.16 7.5 9.113 6.55 6.59 3.3000000000000007
ASAS-RCB-21.txt 0.0 5750.0 1.0 0.0 7.0 7.5 11.5 9.85 5.87 9.0 5.29 6.16 7.5 9.113 6.55 6.59 3.3000000000000007
ASAS-RCB-21.txt 0.0 5750.0 1.0 0.0 7.0 7.5 11.5 9.85 5.87 9.0 5.29 6.16 7.5 9.113 6.55 6.59 3.3000000000000007
ASAS-RCB-21.txt 0.0 5750.0 1.0 0.0 7.0 7.5 11.5 9.85 5.87 9.0 5.29 6.16 7.5 9.113 6.55 6.59 3.500000000000001
ASAS-RCB-21.txt 0.0 5750.0 1.0 0.0 7.0 7.5 11.5 9.85 5.87 9.0 5.29 6.16 7.5 9.113 6.55 6.59 3.500000000000001
ASAS-RCB-21.txt 0.0 5750.0 1.0 0.0 7.0 7.5 11.5 9.85 5.87 9.0 5.29 6.16 7.5 9.113 6.55 6.59 3.500000000000001
ASAS-RCB-21.txt 0.0 5750.0 1.0 0.0 7.0 7.5 11.5 9.85 5.87 9.0 5.29 6.16 7.5 9.113 6.55 6.59 3.500000000000001
ASAS-RCB-21.txt 0.0 5750.0 1.0 0.0 7.0 7.5 11.5 9.85 5.87 9.0 5.29 6.16 7.5 9.113 6.55 6.59 3.500000000000001
ASAS-RCB-21.txt 0.0 5750.0 1.0 0.0 7.0 7.5 11.5 9.85 5.87 9.0 5.29 6.16 7.5 9.113 6.55 6.59 3.700000000000001
ASAS-RCB-21.txt 0.0 5750.0 1.0 0.0 7.0 7.5 11.5 9.85 5.87 9.0 5.29 6.16 7.5 9.113 6.55 6.59 3.700000000000001
ASAS-RCB-21.txt 0.0 5750.0 1.0 0.0 7.0 7.5 11.5 9.85 5.87 9.0 5.29 6.16 7.5 9.113 6.55 6.59 3.700000000000001
ASAS-RCB-21.txt 0.0 5750.0 1.0 0.0 7.0 7.5 11.5 9.85 5.87 9.0 5.29 6.16 7.5 9.113 6.55 6.59 3.700000000000001
ASAS-RCB-21.txt 0.0 5750.0 1.0 0.0 7.0 7.5 11.5 9.85 5.87 9.0 5.29 6.16 7.5 9.113 6.55 6.59 3.700000000000001
ASAS-RCB-21.txt 0.0 5750.0 1.0 0.0 7.0 7.5 11.5 9.85 5.87 9.0 5.29 6.16 7.5 9.113 6.55 6.59 3.9000000000000012
ASAS-RCB-21.txt 0.0 5750.0 1.0 0.0 7.0 7.5 11.5 9.85 5.87 9.0 5.29 6.16 7.5 9.113 6.55 6.59 3.9000000000000012
ASAS-RCB-21.txt 0.0 5750.0 1.0 0.0 7.0 7.5 11.5 9.85 5.87 9.0 5.29 6.16 7.5 9.113 6.55 6.59 3.9000000000000012
ASAS-RCB-21.txt 0.0 5750.0 1.0 0.0 7.0 7.5 11.5 9.85 5.87 9.0 5.29 6.16 7.5 9.113 6.55 6.59 3.9000000000000012
ASAS-RCB-21.txt 0.0 5750.0 1.0 0.0 7.0 7.5 11.5 9.85 5.87 9.0 5.29 6.16 7.5 9.113 6.55 6.59 3.9000000000000012
ASAS-RCB-21.txt 0.0 5750.0 1.0 0.0 7.0 7.5 11.5 9.85 5.87 9.0 5.29 6.16 7.5 9.113 6.55 6.59 4.100000000000001
ASAS-RCB-21.txt 0.0 5750.0 1.0 0.0 7.0 7.5 11.5 9.85 5.87 9.0 5.29 6.16 7.5 9.113 6.55 6.59 4.100000000000001
ASAS-RCB-21.txt 0.0 5750.0 1.0 0.0 7.0 7.5 11.5 9.85 5.87 9.0 5.29 6.16 7.5 9.113 6.55 6.59 4.100000000000001
ASAS-RCB-21.txt 0.0 5750.0 1.0 0.0 7.0 7.5 11.5 9.85 5.87 9.0 5.29 6.16 7.5 9.113 6.55 6.59 4.100000000000001
ASAS-RCB-21.txt 0.0 5750.0 1.0 0.0 7.0 7.5 11.5 9.85 5.87 9.0 5.29 6.16 7.5 9.113 6.55 6.59 4.100000000000001
ASAS-RCB-21.txt 0.0 5750.0 1.0 0.0 7.0 7.5 11.5 9.85 5.87 9.0 5.29 6.16 7.5 9.113 6.55 6.59 4.300000000000002
ASAS-RCB-21.txt 0.0 5750.0 1.0 0.0 7.0 7.5 11.5 9.85 5.87 9.0 5.29 6.16 7.5 9.113 6.55 6.59 4.300000000000002
ASAS-RCB-21.txt 0.0 5750.0 1.0 0.0 7.0 7.5 11.5 9.85 5.87 9.0 5.29 6.16 7.5 9.113 6.55 6.59 4.300000000000002
ASAS-RCB-21.txt 0.0 5750.0 1.0 0.0 7.0 7.5 11.5 9.85 5.87 9.0 5.29 6.16 7.5 9.113 6.55 6.59 4.300000000000002
ASAS-RCB-21.txt 0.0 5750.0 1.0 0.0 7.0 7.5 11.5 9.85 5.87 9.0 5.29 6.16 7.5 9.113 6.55 6.59 4.300000000000002
ASAS-RCB-21.txt 0.0 5750.0 1.0 0.0 7.0 7.5 11.5 9.85 5.87 9.0 5.29 6.16 7.5 9.113 6.55 6.59 4.500000000000002
ASAS-RCB-21.txt 0.0 5750.0 1.0 0.0 7.0 7.5 11.5 9.85 5.87 9.0 5.29 6.16 7.5 9.113 6.55 6.59 4.500000000000002
ASAS-RCB-21.txt 0.0 5750.0 1.0 0.0 7.0 7.5 11.5 9.85 5.87 9.0 5.29 6.16 7.5 9.113 6.55 6.59 4.500000000000002
ASAS-RCB-21.txt 0.0 5750.0 1.0 0.0 7.0 7.5 11.5 9.85 5.87 9.0 5.29 6.16 7.5 9.113 6.55 6.59 4.500000000000002
ASAS-RCB-21.txt 0.0 5750.0 1.0 0.0 7.0 7.5 11.5 9.85 5.87 9.0 5.29 6.16 7.5 9.113 6.55 6.59 4.500000000000002
ASAS-RCB-21.txt 0.0 5750.0 1.0 0.0 7.0 7.5 11.5 9.85 5.87 9.0 5.29 6.16 7.5 9.113 6.55 6.59 4.700000000000002
ASAS-RCB-21.txt 0.0 5750.0 1.0 0.0 7.0 7.5 11.5 9.85 5.87 9.0 5.29 6.16 7.5 9.113 6.55 6.59 4.700000000000002
ASAS-RCB-21.txt 0.0 5750.0 1.0 0.0 7.0 7.5 11.5 9.85 5.87 9.0 5.29 6.16 7.5 9.113 6.55 6.59 4.700000000000002
ASAS-RCB-21.txt 0.0 5750.0 1.0 0.0 7.0 7.5 11.5 9.85 5.87 9.0 5.29 6.16 7.5 9.113 6.55 6.59 4.700000000000002
ASAS-RCB-21.txt 0.0 5750.0 1.0 0.0 7.0 7.5 11.5 9.85 5.87 9.0 5.29 6.16 7.5 9.113 6.55 6.59 4.700000000000002
ASAS-RCB-21.txt 0.0 5750.0 1.0 0.0 7.0 7.5 11.5 9.85 5.87 9.0 5.29 6.16 7.5 9.113 6.55 6.59 4.900000000000002
ASAS-RCB-21.txt 0.0 5750.0 1.0 0.0 7.0 7.5 11.5 9.85 5.87 9.0 5.29 6.16 7.5 9.113 6.55 6.59 4.900000000000002
ASAS-RCB-21.txt 0.0 5750.0 1.0 0.0 7.0 7.5 11.5 9.85 5.87 9.0 5.29 6.16 7.5 9.113 6.55 6.59 4.900000000000002
ASAS-RCB-21.txt 0.0 5750.0 1.0 0.0 7.0 7.5 11.5 9.85 5.87 9.0 5.29 6.16 7.5 9.113 6.55 6.59 4.900000000000002
ASAS-RCB-21.txt 0.0 5750.0 1.0 0.0 7.0 7.5 11.5 9.85 5.87 9.0 5.29 6.16 7.5 9.113 6.55 6.59 4.900000000000002
ASAS-RCB-21.txt 0.0 5750.0 1.0 0.0 7.0 7.5 11.5 9.85 5.87 9.0 5.29 6.16 7.5 9.113 6.55 6.59 5.100000000000002
ASAS-RCB-21.txt 0.0 5750.0 1.0 0.0 7.0 7.5 11.5 9.85 5.87 9.0 5.29 6.16 7.5 9.113 6.55 6.59 5.100000000000002
ASAS-RCB-21.txt 0.0 5750.0 1.0 0.0 7.0 7.5 11.5 9.85 5.87 9.0 5.29 6.16 7.5 9.113 6.55 6.59 5.100000000000002
ASAS-RCB-21.txt 0.0 5750.0 1.0 0.0 7.0 7.5 11.5 9.85 5.87 9.0 5.29 6.16 7.5 9.113 6.55 6.59 5.100000000000002
ASAS-RCB-21.txt 0.0 5750.0 1.0 0.0 7.0 7.5 11.5 9.85 5.87 9.0 5.29 6.16 7.5 9.113 6.55 6.59 5.100000000000002
ASAS-RCB-21.txt 0.0 5750.0 1.0 0.0 7.0 7.5 11.5 9.85 5.87 9.0 5.29 6.16 7.5 9.113 6.55 6.59 5.3000000000000025
ASAS-RCB-21.txt 0.0 5750.0 1.0 0.0 7.0 7.5 11.5 9.85 5.87 9.0 5.29 6.16 7.5 9.113 6.55 6.59 5.3000000000000025
ASAS-RCB-21.txt 0.0 5750.0 1.0 0.0 7.0 7.5 11.5 9.85 5.87 9.0 5.29 6.16 7.5 9.113 6.55 6.59 5.3000000000000025
ASAS-RCB-21.txt 0.0 5750.0 1.0 0.0 7.0 7.5 11.5 9.85 5.87 9.0 5.29 6.16 7.5 9.113 6.55 6.59 5.3000000000000025
ASAS-RCB-21.txt 0.0 5750.0 1.0 0.0 7.0 7.5 11.5 9.85 5.87 9.0 5.29 6.16 7.5 9.113 6.55 6.59 5.3000000000000025
ASAS-RCB-21.txt 0.0 5750.0 1.0 0.0 7.0 7.5 11.5 9.85 5.87 9.0 5.29 6.16 7.5 9.113 6.55 6.59 5.500000000000003
ASAS-RCB-21.txt 0.0 5750.0 1.0 0.0 7.0 7.5 11.5 9.85 5.87 9.0 5.29 6.16 7.5 9.113 6.55 6.59 5.500000000000003
ASAS-RCB-21.txt 0.0 5750.0 1.0 0.0 7.0 7.5 11.5 9.85 5.87 9.0 5.29 6.16 7.5 9.113 6.55 6.59 5.500000000000003
ASAS-RCB-21.txt 0.0 5750.0 1.0 0.0 7.0 7.5 11.5 9.85 5.87 9.0 5.29 6.16 7.5 9.113 6.55 6.59 5.500000000000003
ASAS-RCB-21.txt 0.0 5750.0 1.0 0.0 7.0 7.5 11.5 9.85 5.87 9.0 5.29 6.16 7.5 9.113 6.55 6.59 5.500000000000003
ASAS-RCB-21.txt 0.0 5750.0 1.0 0.0 7.0 7.5 11.5 9.85 5.87 9.0 5.29 6.16 7.5 9.113 6.55 6.59 5.700000000000003
ASAS-RCB-21.txt 0.0 5750.0 1.0 0.0 7.0 7.5 11.5 9.85 5.87 9.0 5.29 6.16 7.5 9.113 6.55 6.59 5.700000000000003
ASAS-RCB-21.txt 0.0 5750.0 1.0 0.0 7.0 7.5 11.5 9.85 5.87 9.0 5.29 6.16 7.5 9.113 6.55 6.59 5.700000000000003
ASAS-RCB-21.txt 0.0 5750.0 1.0 0.0 7.0 7.5 11.5 9.85 5.87 9.0 5.29 6.16 7.5 9.113 6.55 6.59 5.700000000000003
ASAS-RCB-21.txt 0.0 5750.0 1.0 0.0 7.0 7.5 11.5 9.85 5.87 9.0 5.29 6.16 7.5 9.113 6.55 6.59 5.700000000000003
ASAS-RCB-21.txt 0.0 5750.0 1.0 0.0 7.0 7.5 11.5 9.85 5.87 9.0 5.29 6.16 7.5 9.113 6.55 6.59 5.900000000000003
ASAS-RCB-21.txt 0.0 5750.0 1.0 0.0 7.0 7.5 11.5 9.85 5.87 9.0 5.29 6.16 7.5 9.113 6.55 6.59 5.900000000000003
ASAS-RCB-21.txt 0.0 5750.0 1.0 0.0 7.0 7.5 11.5 9.85 5.87 9.0 5.29 6.16 7.5 9.113 6.55 6.59 5.900000000000003
ASAS-RCB-21.txt 0.0 5750.0 1.0 0.0 7.0 7.5 11.5 9.85 5.87 9.0 5.29 6.16 7.5 9.113 6.55 6.59 5.900000000000003
ASAS-RCB-21.txt 0.0 5750.0 1.0 0.0 7.0 7.5 11.5 9.85 5.87 9.0 5.29 6.16 7.5 9.113 6.55 6.59 5.900000000000003
ASAS-RCB-21.txt 0.0 5750.0 1.0 0.0 7.0 7.5 11.5 9.85 5.87 9.0 5.29 6.16 7.5 9.113 6.55 6.59 6.100000000000003
ASAS-RCB-21.txt 0.0 5750.0 1.0 0.0 7.0 7.5 11.5 9.85 5.87 9.0 5.29 6.16 7.5 9.113 6.55 6.59 6.100000000000003
ASAS-RCB-21.txt 0.0 5750.0 1.0 0.0 7.0 7.5 11.5 9.85 5.87 9.0 5.29 6.16 7.5 9.113 6.55 6.59 6.100000000000003
ASAS-RCB-21.txt 0.0 5750.0 1.0 0.0 7.0 7.5 11.5 9.85 5.87 9.0 5.29 6.16 7.5 9.113 6.55 6.59 6.100000000000003
ASAS-RCB-21.txt 0.0 5750.0 1.0 0.0 7.0 7.5 11.5 9.85 5.87 9.0 5.29 6.16 7.5 9.113 6.55 6.59 6.100000000000003
ASAS-RCB-21.txt 0.0 5750.0 1.0 0.0 7.0 7.5 11.5 9.85 5.87 9.0 5.29 6.16 7.5 9.113 6.55 6.59 6.300000000000003
ASAS-RCB-21.txt 0.0 5750.0 1.0 0.0 7.0 7.5 11.5 9.85 5.87 9.0 5.29 6.16 7.5 9.113 6.55 6.59 6.300000000000003
ASAS-RCB-21.txt 0.0 5750.0 1.0 0.0 7.0 7.5 11.5 9.85 5.87 9.0 5.29 6.16 7.5 9.113 6.55 6.59 6.300000000000003
ASAS-RCB-21.txt 0.0 5750.0 1.0 0.0 7.0 7.5 11.5 9.85 5.87 9.0 5.29 6.16 7.5 9.113 6.55 6.59 6.300000000000003
ASAS-RCB-21.txt 0.0 5750.0 1.0 0.0 7.0 7.5 11.5 9.85 5.87 9.0 5.29 6.16 7.5 9.113 6.55 6.59 6.300000000000003
ASAS-RCB-21.txt 0.0 5750.0 1.0 0.0 7.0 7.5 11.5 9.85 5.87 9.0 5.29 6.16 7.5 9.113 6.55 6.59 6.5000000000000036
ASAS-RCB-21.txt 0.0 5750.0 1.0 0.0 7.0 7.5 11.5 9.85 5.87 9.0 5.29 6.16 7.5 9.113 6.55 6.59 6.5000000000000036
ASAS-RCB-21.txt 0.0 5750.0 1.0 0.0 7.0 7.5 11.5 9.85 5.87 9.0 5.29 6.16 7.5 9.113 6.55 6.59 6.5000000000000036
ASAS-RCB-21.txt 0.0 5750.0 1.0 0.0 7.0 7.5 11.5 9.85 5.87 9.0 5.29 6.16 7.5 9.113 6.55 6.59 6.5000000000000036
ASAS-RCB-21.txt 0.0 5750.0 1.0 0.0 7.0 7.5 11.5 9.85 5.87 9.0 5.29 6.16 7.5 9.113 6.55 6.59 6.5000000000000036
